Liquid Composition:
index Pressure Temperature mass SiO2 TiO2 Al2O3 Fe2O3 Cr2O3 FeO MnO MgO NiO CoO CaO Na2O K2O P2O5 H2O CO2 
1 500.00 1400.00 98.049943 48.0213 0.67347 12.591 2.3753 0 7.58238 0.195209 12.6202 0 0 10.9414 1.94233 0.946762 0.195209 1.91533 0
2 500.00 1397.00 96.209155 48.0061 0.673256 12.587 2.69835 0 7.28844 0.195147 12.6162 0 0 10.938 1.94171 0.946462 0.195147 1.91419 0
2 500.00 1397.00 97.121082 48.016 0.673396 12.5896 2.483 0 7.48435 0.195187 12.6188 0 0 10.9402 1.94211 0.946658 0.195187 1.91542 0
2 500.00 1397.00 98.050669 48.021 0.673465 12.5909 2.37529 0 7.58233 0.195207 12.6202 0 0 10.9414 1.94231 0.946755 0.195207 1.91606 0
3 500.00 1394.00 97.121801 48.0157 0.673391 12.5895 2.48298 0 7.48429 0.195186 12.6188 0 0 10.9402 1.9421 0.946651 0.195186 1.91615 0
3 500.00 1394.00 96.209859 48.0058 0.673251 12.5869 2.69833 0 7.28839 0.195145 12.6161 0 0 10.9379 1.9417 0.946455 0.195145 1.91491 0
3 500.00 1394.00 98.051399 48.0206 0.67346 12.5908 2.37527 0 7.58227 0.195206 12.6201 0 0 10.9413 1.9423 0.946748 0.195206 1.91679 0
4 500.00 1391.00 97.122524 48.0153 0.673386 12.5894 2.48296 0 7.48423 0.195184 12.6187 0 0 10.9401 1.94208 0.946644 0.195184 1.91688 0
4 500.00 1391.00 96.210566 48.0054 0.673247 12.5868 2.69831 0 7.28833 0.195144 12.6161 0 0 10.9378 1.94168 0.946448 0.195144 1.91563 0
4 500.00 1391.00 98.052133 48.0203 0.673455 12.5907 2.37525 0 7.58221 0.195204 12.62 0 0 10.9412 1.94228 0.946741 0.195204 1.91752 0
5 500.00 1388.00 97.123250 48.015 0.673381 12.5893 2.48294 0 7.48418 0.195183 12.6186 0 0 10.94 1.94207 0.946637 0.195183 1.91761 0
5 500.00 1388.00 96.211278 48.0051 0.673242 12.5867 2.69829 0 7.28828 0.195142 12.616 0 0 10.9377 1.94167 0.946441 0.195142 1.91636 0
5 500.00 1388.00 98.052870 48.0199 0.67345 12.5906 2.37523 0 7.58216 0.195203 12.6199 0 0 10.9411 1.94227 0.946734 0.195203 1.91826 0
6 500.00 1385.00 97.123980 48.0146 0.673376 12.5892 2.48292 0 7.48412 0.195181 12.6185 0 0 10.9399 1.94205 0.946629 0.195181 1.91835 0
6 500.00 1385.00 96.211993 48.0047 0.673237 12.5866 2.69827 0 7.28822 0.195141 12.6159 0 0 10.9377 1.94165 0.946434 0.195141 1.91708 0
6 500.00 1385.00 98.053611 48.0196 0.673445 12.5905 2.37521 0 7.5821 0.195201 12.6198 0 0 10.941 1.94225 0.946727 0.195201 1.919 0
7 500.00 1382.00 97.124714 48.0142 0.67337 12.5891 2.4829 0 7.48407 0.19518 12.6184 0 0 10.9398 1.94204 0.946622 0.19518 1.91909 0
7 500.00 1382.00 96.212712 48.0043 0.673232 12.5865 2.69825 0 7.28817 0.19514 12.6158 0 0 10.9376 1.94164 0.946427 0.19514 1.91782 0
7 500.00 1382.00 98.054356 48.0192 0.67344 12.5904 2.3752 0 7.58204 0.1952 12.6197 0 0 10.941 1.94224 0.94672 0.1952 1.91975 0
8 500.00 1379.00 97.125451 48.0139 0.673365 12.589 2.48288 0 7.48401 0.195178 12.6183 0 0 10.9397 1.94202 0.946615 0.195178 1.91983 0
8 500.00 1379.00 96.213434 48.004 0.673226 12.5864 2.69823 0 7.28812 0.195138 12.6157 0 0 10.9375 1.94162 0.94642 0.195138 1.91855 0
8 500.00 1379.00 98.055105 48.0188 0.673435 12.5903 2.37518 0 7.58198 0.195198 12.6196 0 0 10.9409 1.94222 0.946712 0.195198 1.9205 0
9 500.00 1376.00 97.126193 48.0135 0.67336 12.5889 2.48287 0 7.48395 0.195177 12.6182 0 0 10.9397 1.94201 0.946608 0.195177 1.92058 0
9 500.00 1376.00 96.214160 48.0036 0.673221 12.5863 2.69821 0 7.28806 0.195137 12.6156 0 0 10.9374 1.94161 0.946413 0.195137 1.91929 0
9 500.00 1376.00 98.055858 48.0185 0.673429 12.5902 2.37516 0 7.58193 0.195197 12.6195 0 0 10.9408 1.94221 0.946705 0.195197 1.92125 0
10 500.00 1373.00 97.126938 48.0131 0.673355 12.5888 2.48285 0 7.48389 0.195175 12.6181 0 0 10.9396 1.94199 0.946601 0.195175 1.92134 0
10 500.00 1373.00 98.056615 48.0181 0.673424 12.5901 2.37514 0 7.58187 0.195195 12.6194 0 0 10.9407 1.94219 0.946698 0.195195 1.92201 0
10 500.00 1373.00 96.214890 48.0032 0.673216 12.5862 2.69819 0 7.28801 0.195135 12.6155 0 0 10.9373 1.94159 0.946406 0.195135 1.92004 0
11 500.00 1370.00 97.127688 48.0128 0.67335 12.5887 2.48283 0 7.48384 0.195174 12.618 0 0 10.9395 1.94198 0.946593 0.195174 1.92209 0
11 500.00 1370.00 98.057376 48.0177 0.673419 12.59 2.37512 0 7.58181 0.195194 12.6193 0 0 10.9406 1.94218 0.946691 0.195194 1.92277 0
11 500.00 1370.00 96.215624 48.0029 0.673211 12.5861 2.69817 0 7.28795 0.195134 12.6154 0 0 10.9372 1.94158 0.946398 0.195134 1.92079 0
12 500.00 1367.00 97.128441 48.0124 0.673345 12.5886 2.48281 0 7.48378 0.195172 12.6179 0 0 10.9394 1.94196 0.946586 0.195172 1.92285 0
12 500.00 1367.00 98.058140 48.0173 0.673414 12.5899 2.3751 0 7.58175 0.195192 12.6192 0 0 10.9405 1.94216 0.946683 0.195192 1.92353 0
12 500.00 1367.00 96.216362 48.0025 0.673206 12.586 2.69815 0 7.28789 0.195132 12.6153 0 0 10.9372 1.94157 0.946391 0.195132 1.92154 0
13 500.00 1364.00 97.129198 48.012 0.673339 12.5885 2.48279 0 7.48372 0.195171 12.6178 0 0 10.9393 1.94195 0.946579 0.195171 1.92362 0
13 500.00 1364.00 96.217104 48.0021 0.673201 12.5859 2.69813 0 7.28784 0.195131 12.6152 0 0 10.9371 1.94155 0.946384 0.195131 1.92229 0
13 500.00 1364.00 98.058909 48.017 0.673409 12.5898 2.37509 0 7.58169 0.195191 12.6191 0 0 10.9404 1.94215 0.946676 0.195191 1.9243 0
14 500.00 1361.00 97.129959 48.0116 0.673334 12.5884 2.48277 0 7.48366 0.195169 12.6177 0 0 10.9392 1.94193 0.946571 0.195169 1.92439 0
14 500.00 1361.00 98.059682 48.0166 0.673403 12.5897 2.37507 0 7.58163 0.195189 12.619 0 0 10.9404 1.94213 0.946668 0.195189 1.92508 0
14 500.00 1361.00 96.217849 48.0018 0.673196 12.5858 2.69811 0 7.28778 0.195129 12.6151 0 0 10.937 1.94154 0.946376 0.195129 1.92305 0
15 500.00 1358.00 97.130724 48.0113 0.673329 12.5883 2.48275 0 7.4836 0.195168 12.6176 0 0 10.9392 1.94192 0.946564 0.195168 1.92516 0
15 500.00 1358.00 98.060459 48.0162 0.673398 12.5896 2.37505 0 7.58157 0.195188 12.6189 0 0 10.9403 1.94212 0.946661 0.195188 1.92585 0
15 500.00 1358.00 96.218599 48.0014 0.67319 12.5857 2.69809 0 7.28772 0.195128 12.615 0 0 10.9369 1.94152 0.946369 0.195128 1.92382 0
16 500.00 1355.00 97.131493 48.0109 0.673323 12.5882 2.48273 0 7.48354 0.195166 12.6175 0 0 10.9391 1.9419 0.946556 0.195166 1.92594 0
16 500.00 1355.00 96.219352 48.001 0.673185 12.5856 2.69807 0 7.28767 0.195126 12.6149 0 0 10.9368 1.9415 0.946362 0.195126 1.92459 0
16 500.00 1355.00 98.061240 48.0158 0.673393 12.5895 2.37503 0 7.58151 0.195186 12.6188 0 0 10.9402 1.9421 0.946653 0.195186 1.92663 0
17 500.00 1352.00 97.132267 48.0105 0.673318 12.5881 2.48271 0 7.48348 0.195165 12.6174 0 0 10.939 1.94189 0.946549 0.195165 1.92672 0
17 500.00 1352.00 96.220109 48.0006 0.67318 12.5855 2.69804 0 7.28761 0.195125 12.6148 0 0 10.9367 1.94149 0.946354 0.195125 1.92536 0
18 500.00 1349.00 97.133044 48.0101 0.673313 12.588 2.48269 0 7.48342 0.195163 12.6173 0 0 10.9389 1.94187 0.946541 0.195163 1.9275 0
17 500.00 1352.00 98.062025 48.0154 0.673387 12.5894 2.37501 0 7.58145 0.195185 12.6187 0 0 10.9401 1.94209 0.946646 0.195185 1.92742 0
18 500.00 1349.00 96.220871 48.0003 0.673174 12.5854 2.69802 0 7.28755 0.195123 12.6147 0 0 10.9366 1.94147 0.946347 0.195123 1.92613 0
19 500.00 1346.00 97.133826 48.0097 0.673307 12.5879 2.48267 0 7.48336 0.195162 12.6172 0 0 10.9388 1.94186 0.946533 0.195162 1.92829 0
18 500.00 1349.00 98.062814 48.015 0.673382 12.5893 2.37499 0 7.58139 0.195183 12.6186 0 0 10.94 1.94207 0.946638 0.195183 1.92821 0
19 500.00 1346.00 96.221636 47.9999 0.673169 12.5853 2.698 0 7.28749 0.195121 12.6146 0 0 10.9366 1.94146 0.946339 0.195121 1.92691 0
19 500.00 1346.00 98.063608 48.0147 0.673376 12.5892 2.37497 0 7.58133 0.195182 12.6185 0 0 10.9399 1.94206 0.94663 0.195182 1.929 0
20 500.00 1343.00 97.134611 48.0093 0.673302 12.5878 2.48265 0 7.4833 0.19516 12.6171 0 0 10.9387 1.94184 0.946526 0.19516 1.92908 0
21 500.00 1340.00 97.135401 48.009 0.673296 12.5877 2.48263 0 7.48324 0.195158 12.617 0 0 10.9386 1.94183 0.946518 0.195158 1.92988 0
20 500.00 1343.00 96.222406 47.9995 0.673164 12.5852 2.69798 0 7.28744 0.19512 12.6145 0 0 10.9365 1.94144 0.946332 0.19512 1.9277 0
20 500.00 1343.00 98.064406 48.0143 0.673371 12.5891 2.37495 0 7.58127 0.19518 12.6184 0 0 10.9398 1.94204 0.946623 0.19518 1.9298 0
22 500.00 1337.00 97.136195 48.0086 0.673291 12.5876 2.48261 0 7.48318 0.195157 12.6169 0 0 10.9385 1.94181 0.94651 0.195157 1.93068 0
21 500.00 1340.00 96.223179 47.9991 0.673158 12.5851 2.69796 0 7.28738 0.195118 12.6144 0 0 10.9364 1.94143 0.946324 0.195118 1.92849 0
21 500.00 1340.00 98.065208 48.0139 0.673365 12.589 2.37493 0 7.5812 0.195178 12.6183 0 0 10.9397 1.94202 0.946615 0.195178 1.9306 0
23 500.00 1334.00 97.136994 48.0082 0.673285 12.5875 2.48259 0 7.48312 0.195155 12.6168 0 0 10.9384 1.94179 0.946503 0.195155 1.93149 0
22 500.00 1337.00 98.066014 48.0135 0.67336 12.5889 2.37491 0 7.58114 0.195177 12.6182 0 0 10.9397 1.94201 0.946607 0.195177 1.93141 0
22 500.00 1337.00 96.223957 47.9987 0.673153 12.585 2.69794 0 7.28732 0.195117 12.6143 0 0 10.9363 1.94141 0.946316 0.195117 1.92928 0
23 500.00 1334.00 98.066825 48.0131 0.673354 12.5888 2.37489 0 7.58108 0.195175 12.6181 0 0 10.9396 1.94199 0.946599 0.195175 1.93222 0
24 500.00 1331.00 97.137796 48.0078 0.67328 12.5874 2.48257 0 7.48306 0.195154 12.6167 0 0 10.9384 1.94178 0.946495 0.195154 1.9323 0
23 500.00 1334.00 96.224739 47.9983 0.673147 12.5849 2.69791 0 7.28726 0.195115 12.6142 0 0 10.9362 1.9414 0.946309 0.195115 1.93008 0
25 500.00 1328.00 97.138603 48.0074 0.673274 12.5873 2.48255 0 7.483 0.195152 12.6166 0 0 10.9383 1.94176 0.946487 0.195152 1.93311 0
24 500.00 1331.00 98.067640 48.0127 0.673349 12.5887 2.37487 0 7.58102 0.195174 12.618 0 0 10.9395 1.94198 0.946591 0.195174 1.93303 0
24 500.00 1331.00 96.225525 47.9979 0.673142 12.5848 2.69789 0 7.2872 0.195114 12.6141 0 0 10.9361 1.94138 0.946301 0.195114 1.93088 0
25 500.00 1328.00 98.068459 48.0123 0.673343 12.5886 2.37485 0 7.58095 0.195172 12.6179 0 0 10.9394 1.94196 0.946584 0.195172 1.93385 0
26 500.00 1325.00 97.139415 48.007 0.673269 12.5872 2.48253 0 7.48293 0.19515 12.6165 0 0 10.9382 1.94175 0.946479 0.19515 1.93393 0
25 500.00 1328.00 96.226316 47.9975 0.673136 12.5847 2.69787 0 7.28714 0.195112 12.614 0 0 10.936 1.94136 0.946293 0.195112 1.93168 0
26 500.00 1325.00 98.069283 48.0119 0.673337 12.5885 2.37483 0 7.58089 0.19517 12.6178 0 0 10.9393 1.94194 0.946576 0.19517 1.93468 0
27 500.00 1322.00 97.140230 48.0066 0.673263 12.5871 2.48251 0 7.48287 0.195149 12.6164 0 0 10.9381 1.94173 0.946471 0.195149 1.93476 0
26 500.00 1325.00 96.227110 47.9972 0.673131 12.5846 2.69785 0 7.28708 0.19511 12.6139 0 0 10.9359 1.94135 0.946285 0.19511 1.93249 0
27 500.00 1322.00 98.070111 48.0115 0.673332 12.5884 2.37481 0 7.58082 0.195169 12.6176 0 0 10.9392 1.94193 0.946568 0.195169 1.9355 0
28 500.00 1319.00 97.141050 48.0062 0.673257 12.587 2.48249 0 7.48281 0.195147 12.6163 0 0 10.938 1.94171 0.946463 0.195147 1.93558 0
27 500.00 1322.00 96.227909 47.9968 0.673125 12.5845 2.69783 0 7.28702 0.195109 12.6138 0 0 10.9358 1.94133 0.946277 0.195109 1.93331 0
28 500.00 1319.00 98.070944 48.0111 0.673326 12.5883 2.37479 0 7.58076 0.195167 12.6175 0 0 10.9391 1.94191 0.94656 0.195167 1.93634 0
29 500.00 1316.00 97.141875 48.0058 0.673252 12.5869 2.48247 0 7.48274 0.195145 12.6161 0 0 10.9379 1.9417 0.946455 0.195145 1.93642 0
28 500.00 1319.00 96.228712 47.9964 0.67312 12.5844 2.6978 0 7.28696 0.195107 12.6137 0 0 10.9358 1.94132 0.94627 0.195107 1.93413 0
29 500.00 1316.00 98.071781 48.0107 0.67332 12.5882 2.37477 0 7.58069 0.195165 12.6174 0 0 10.939 1.94189 0.946552 0.195165 1.93717 0
30 500.00 1313.00 97.142704 48.0053 0.673246 12.5868 2.48244 0 7.48268 0.195144 12.616 0 0 10.9378 1.94168 0.946447 0.195144 1.93725 0
29 500.00 1316.00 96.229520 47.996 0.673114 12.5843 2.69778 0 7.2869 0.195105 12.6136 0 0 10.9357 1.9413 0.946262 0.195105 1.93495 0
30 500.00 1313.00 98.072622 48.0102 0.673314 12.5881 2.37475 0 7.58063 0.195164 12.6173 0 0 10.9389 1.94188 0.946543 0.195164 1.93802 0
31 500.00 1310.00 97.143537 48.0049 0.67324 12.5867 2.48242 0 7.48262 0.195142 12.6159 0 0 10.9377 1.94166 0.946439 0.195142 1.93809 0
30 500.00 1313.00 96.230332 47.9955 0.673108 12.5842 2.69776 0 7.28684 0.195104 12.6135 0 0 10.9356 1.94128 0.946254 0.195104 1.93578 0
31 500.00 1310.00 98.073469 48.0098 0.673309 12.5879 2.37473 0 7.58056 0.195162 12.6172 0 0 10.9388 1.94186 0.946535 0.195162 1.93886 0
31 500.00 1310.00 96.231148 47.9951 0.673103 12.5841 2.69773 0 7.28677 0.195102 12.6134 0 0 10.9355 1.94127 0.946246 0.195102 1.93661 0
32 500.00 1307.00 97.144375 48.0045 0.673234 12.5866 2.4824 0 7.48255 0.19514 12.6158 0 0 10.9376 1.94165 0.946431 0.19514 1.93894 0
32 500.00 1307.00 98.074320 48.0094 0.673303 12.5878 2.37471 0 7.5805 0.19516 12.6171 0 0 10.9387 1.94184 0.946527 0.19516 1.93971 0
33 500.00 1304.00 97.145218 48.0041 0.673228 12.5864 2.48238 0 7.48249 0.195139 12.6157 0 0 10.9375 1.94163 0.946422 0.195139 1.93979 0
32 500.00 1307.00 96.231969 47.9947 0.673097 12.584 2.69771 0 7.28671 0.195101 12.6132 0 0 10.9354 1.94125 0.946238 0.195101 1.93744 0
33 500.00 1304.00 98.075175 48.009 0.673297 12.5877 2.37469 0 7.58043 0.195159 12.617 0 0 10.9386 1.94183 0.946519 0.195159 1.94057 0
34 500.00 1301.00 97.146065 48.0037 0.673222 12.5863 2.48236 0 7.48242 0.195137 12.6156 0 0 10.9374 1.94161 0.946414 0.195137 1.94065 0
33 500.00 1304.00 96.232794 47.9943 0.673091 12.5839 2.69769 0 7.28665 0.195099 12.6131 0 0 10.9353 1.94123 0.946229 0.195099 1.93829 0
34 500.00 1301.00 98.076035 48.0086 0.673291 12.5876 2.37467 0 7.58037 0.195157 12.6169 0 0 10.9385 1.94181 0.94651 0.195157 1.94143 0
35 500.00 1298.00 97.146917 48.0033 0.673217 12.5862 2.48234 0 7.48236 0.195135 12.6155 0 0 10.9373 1.9416 0.946406 0.195135 1.94151 0
34 500.00 1301.00 96.233624 47.9939 0.673085 12.5838 2.69767 0 7.28659 0.195097 12.613 0 0 10.9352 1.94122 0.946221 0.195097 1.93913 0
36 500.00 1295.00 97.147774 48.0028 0.673211 12.5861 2.48231 0 7.48229 0.195134 12.6154 0 0 10.9372 1.94158 0.946398 0.195134 1.94237 0
35 500.00 1298.00 98.076900 48.0081 0.673285 12.5875 2.37465 0 7.5803 0.195155 12.6168 0 0 10.9384 1.94179 0.946502 0.195155 1.94229 0
35 500.00 1298.00 96.234459 47.9935 0.673079 12.5837 2.69764 0 7.28652 0.195095 12.6129 0 0 10.9351 1.9412 0.946213 0.195095 1.93998 0
37 500.00 1292.00 97.148635 48.0024 0.673205 12.586 2.48229 0 7.48222 0.195132 12.6153 0 0 10.9371 1.94156 0.946389 0.195132 1.94324 0
36 500.00 1295.00 98.077770 48.0077 0.673279 12.5874 2.37463 0 7.58023 0.195153 12.6167 0 0 10.9383 1.94178 0.946494 0.195153 1.94316 0
36 500.00 1295.00 96.235297 47.9931 0.673074 12.5835 2.69762 0 7.28646 0.195094 12.6128 0 0 10.935 1.94118 0.946205 0.195094 1.94084 0
38 500.00 1289.00 97.149501 48.002 0.673199 12.5859 2.48227 0 7.48216 0.19513 12.6152 0 0 10.937 1.94154 0.946381 0.19513 1.94411 0
37 500.00 1292.00 98.078645 48.0073 0.673273 12.5873 2.37461 0 7.58016 0.195152 12.6166 0 0 10.9382 1.94176 0.946485 0.195152 1.94404 0
37 500.00 1292.00 96.236141 47.9926 0.673068 12.5834 2.69759 0 7.2864 0.195092 12.6127 0 0 10.9349 1.94117 0.946197 0.195092 1.9417 0
39 500.00 1286.00 97.150372 48.0016 0.673193 12.5858 2.48225 0 7.48209 0.195128 12.615 0 0 10.9369 1.94153 0.946372 0.195128 1.94499 0
38 500.00 1289.00 98.079524 48.0069 0.673267 12.5872 2.37459 0 7.5801 0.19515 12.6164 0 0 10.9381 1.94174 0.946477 0.19515 1.94492 0
38 500.00 1289.00 96.236989 47.9922 0.673062 12.5833 2.69757 0 7.28633 0.19509 12.6126 0 0 10.9348 1.94115 0.946188 0.19509 1.94256 0
40 500.00 1283.00 97.151247 48.0011 0.673187 12.5857 2.48223 0 7.48202 0.195127 12.6149 0 0 10.9368 1.94151 0.946364 0.195127 1.94588 0
39 500.00 1286.00 98.080408 48.0064 0.673261 12.5871 2.37457 0 7.58003 0.195148 12.6163 0 0 10.9381 1.94172 0.946468 0.195148 1.9458 0
39 500.00 1286.00 96.237842 47.9918 0.673056 12.5832 2.69755 0 7.28627 0.195089 12.6125 0 0 10.9347 1.94113 0.94618 0.195089 1.94343 0
41 500.00 1280.00 97.152128 48.0007 0.67318 12.5855 2.4822 0 7.48195 0.195125 12.6148 0 0 10.9367 1.94149 0.946355 0.195125 1.94677 0
40 500.00 1283.00 98.081297 48.006 0.673255 12.5869 2.37454 0 7.57996 0.195146 12.6162 0 0 10.938 1.94171 0.94646 0.195146 1.94669 0
40 500.00 1283.00 96.238699 47.9914 0.67305 12.5831 2.69752 0 7.2862 0.195087 12.6124 0 0 10.9346 1.94111 0.946171 0.195087 1.9443 0
42 500.00 1277.00 97.153013 48.0003 0.673174 12.5854 2.48218 0 7.48189 0.195123 12.6147 0 0 10.9366 1.94147 0.946347 0.195123 1.94766 0
41 500.00 1280.00 98.082191 48.0056 0.673249 12.5868 2.37452 0 7.57989 0.195145 12.6161 0 0 10.9379 1.94169 0.946451 0.195145 1.94758 0
41 500.00 1280.00 96.239562 47.9909 0.673044 12.583 2.6975 0 7.28614 0.195085 12.6123 0 0 10.9345 1.9411 0.946163 0.195085 1.94518 0
43 500.00 1274.00 97.153903 47.9998 0.673168 12.5853 2.48216 0 7.48182 0.195121 12.6146 0 0 10.9365 1.94146 0.946338 0.195121 1.94856 0
42 500.00 1277.00 98.083090 48.0051 0.673243 12.5867 2.3745 0 7.57982 0.195143 12.616 0 0 10.9378 1.94167 0.946442 0.195143 1.94848 0
42 500.00 1277.00 96.240429 47.9905 0.673038 12.5829 2.69747 0 7.28607 0.195083 12.6121 0 0 10.9344 1.94108 0.946154 0.195083 1.94606 0
44 500.00 1271.00 97.154798 47.9994 0.673162 12.5852 2.48213 0 7.48175 0.195119 12.6145 0 0 10.9364 1.94144 0.946329 0.195119 1.94946 0
43 500.00 1274.00 98.083994 48.0047 0.673236 12.5866 2.37448 0 7.57975 0.195141 12.6159 0 0 10.9377 1.94165 0.946434 0.195141 1.94939 0
43 500.00 1274.00 96.241301 47.9901 0.673032 12.5828 2.69745 0 7.28601 0.195082 12.612 0 0 10.9343 1.94106 0.946146 0.195082 1.94695 0
45 500.00 1268.00 97.155698 47.9989 0.673156 12.5851 2.48211 0 7.48168 0.195118 12.6144 0 0 10.9363 1.94142 0.94632 0.195118 1.95037 0
44 500.00 1271.00 98.084903 48.0042 0.67323 12.5865 2.37446 0 7.57968 0.195139 12.6157 0 0 10.9375 1.94163 0.946425 0.195139 1.95029 0
44 500.00 1271.00 96.242177 47.9896 0.673025 12.5826 2.69743 0 7.28594 0.19508 12.6119 0 0 10.9342 1.94104 0.946137 0.19508 1.94785 0
46 500.00 1265.00 97.156604 47.9985 0.673149 12.585 2.48209 0 7.48161 0.195116 12.6142 0 0 10.9362 1.9414 0.946312 0.195116 1.95128 0
45 500.00 1268.00 98.085817 48.0038 0.673224 12.5864 2.37443 0 7.57961 0.195137 12.6156 0 0 10.9374 1.94162 0.946416 0.195137 1.95121 0
45 500.00 1268.00 96.243059 47.9892 0.673019 12.5825 2.6974 0 7.28587 0.195078 12.6118 0 0 10.9341 1.94103 0.946129 0.195078 1.94874 0
47 500.00 1262.00 97.157514 47.998 0.673143 12.5848 2.48207 0 7.48154 0.195114 12.6141 0 0 10.9361 1.94138 0.946303 0.195114 1.9522 0
46 500.00 1265.00 98.086736 48.0033 0.673217 12.5862 2.37441 0 7.57954 0.195136 12.6155 0 0 10.9373 1.9416 0.946407 0.195136 1.95213 0
46 500.00 1265.00 96.243945 47.9888 0.673013 12.5824 2.69738 0 7.28581 0.195076 12.6117 0 0 10.934 1.94101 0.94612 0.195076 1.94965 0
48 500.00 1259.00 97.158429 47.9976 0.673137 12.5847 2.48204 0 7.48147 0.195112 12.614 0 0 10.936 1.94137 0.946294 0.195112 1.95313 0
47 500.00 1262.00 98.087660 48.0029 0.673211 12.5861 2.37439 0 7.57947 0.195134 12.6154 0 0 10.9372 1.94158 0.946398 0.195134 1.95305 0
47 500.00 1262.00 96.244837 47.9883 0.673007 12.5823 2.69735 0 7.28574 0.195074 12.6116 0 0 10.9339 1.94099 0.946111 0.195074 1.95056 0
49 500.00 1256.00 96.849907 48.0219 0.675281 12.6248 2.48995 0 7.47404 0.195083 12.5005 0 0 10.9697 1.94755 0.949308 0.195734 1.95615 0
48 500.00 1259.00 98.009131 48.0087 0.673751 12.5962 2.37629 0 7.57758 0.195126 12.5865 0 0 10.9457 1.94314 0.947157 0.19529 1.95451 0
48 500.00 1259.00 96.245733 47.9879 0.673001 12.5822 2.69733 0 7.28567 0.195073 12.6114 0 0 10.9338 1.94097 0.946102 0.195073 1.95147 0
50 500.00 1259.00 97.158429 47.9976 0.673137 12.5847 2.48204 0 7.48147 0.195112 12.614 0 0 10.936 1.94137 0.946294 0.195112 1.95313 0
49 500.00 1256.00 96.153691 47.9949 0.673645 12.5942 2.69991 0 7.28342 0.195063 12.5768 0 0 10.9439 1.94283 0.947008 0.195259 1.95302 0
49 500.00 1262.00 98.087660 48.0029 0.673211 12.5861 2.37439 0 7.57947 0.195134 12.6154 0 0 10.9372 1.94158 0.946398 0.195134 1.95305 0
50 500.00 1261.00 98.087969 48.0027 0.673209 12.5861 2.37438 0 7.57944 0.195133 12.6154 0 0 10.9372 1.94157 0.946395 0.195133 1.95336 0
51 500.00 1258.00 97.074646 48.0041 0.673718 12.5956 2.48418 0 7.4795 0.195105 12.5832 0 0 10.9451 1.94304 0.94711 0.195281 1.954 0
50 500.00 1259.00 96.245733 47.9879 0.673001 12.5822 2.69733 0 7.28567 0.195073 12.6114 0 0 10.9338 1.94097 0.946102 0.195073 1.95147 0
51 500.00 1260.00 98.088279 48.0026 0.673207 12.586 2.37437 0 7.57942 0.195132 12.6153 0 0 10.9372 1.94157 0.946392 0.195132 1.95367 0
51 500.00 1258.00 96.246033 47.9877 0.672998 12.5821 2.69732 0 7.28565 0.195072 12.6114 0 0 10.9338 1.94097 0.946099 0.195072 1.95177 0
52 500.00 1259.00 97.158429 47.9976 0.673137 12.5847 2.48204 0 7.48147 0.195112 12.614 0 0 10.936 1.94137 0.946294 0.195112 1.95313 0
52 500.00 1257.00 96.246334 47.9876 0.672996 12.5821 2.69731 0 7.28562 0.195071 12.6114 0 0 10.9338 1.94096 0.946096 0.195071 1.95208 0
52 500.00 1259.00 98.009131 48.0087 0.673751 12.5962 2.37629 0 7.57758 0.195126 12.5865 0 0 10.9457 1.94314 0.947157 0.19529 1.95451 0
53 500.00 1258.90 97.158460 47.9976 0.673137 12.5847 2.48204 0 7.48147 0.195112 12.614 0 0 10.936 1.94136 0.946293 0.195112 1.95316 0
53 500.00 1256.00 96.153691 47.9949 0.673645 12.5942 2.69991 0 7.28342 0.195063 12.5768 0 0 10.9439 1.94283 0.947008 0.195259 1.95302 0
53 500.00 1260.00 98.088279 48.0026 0.673207 12.586 2.37437 0 7.57942 0.195132 12.6153 0 0 10.9372 1.94157 0.946392 0.195132 1.95367 0
54 500.00 1258.80 97.158490 47.9975 0.673136 12.5847 2.48204 0 7.48146 0.195112 12.614 0 0 10.936 1.94136 0.946293 0.195112 1.95319 0
54 500.00 1259.90 98.088310 48.0026 0.673207 12.586 2.37437 0 7.57942 0.195132 12.6153 0 0 10.9372 1.94157 0.946392 0.195132 1.9537 0
54 500.00 1257.00 96.246334 47.9876 0.672996 12.5821 2.69731 0 7.28562 0.195071 12.6114 0 0 10.9338 1.94096 0.946096 0.195071 1.95208 0
55 500.00 1258.70 97.153676 47.9979 0.67317 12.5853 2.48216 0 7.48135 0.195112 12.6122 0 0 10.9366 1.94146 0.94634 0.195122 1.95325 0
55 500.00 1259.80 98.088341 48.0025 0.673206 12.586 2.37437 0 7.57942 0.195132 12.6153 0 0 10.9372 1.94157 0.946392 0.195132 1.95373 0
55 500.00 1256.90 96.246364 47.9876 0.672996 12.5821 2.69731 0 7.28562 0.195071 12.6114 0 0 10.9337 1.94096 0.946096 0.195071 1.95211 0
56 500.00 1258.80 97.158490 47.9975 0.673136 12.5847 2.48204 0 7.48146 0.195112 12.614 0 0 10.936 1.94136 0.946293 0.195112 1.95319 0
56 500.00 1259.70 98.088372 48.0025 0.673206 12.586 2.37437 0 7.57941 0.195132 12.6153 0 0 10.9372 1.94157 0.946391 0.195132 1.95376 0
56 500.00 1256.80 96.242265 47.9879 0.673025 12.5826 2.69742 0 7.28552 0.195071 12.6098 0 0 10.9342 1.94104 0.946136 0.19508 1.95217 0
57 500.00 1258.80 97.158490 47.9975 0.673136 12.5847 2.48204 0 7.48146 0.195112 12.614 0 0 10.936 1.94136 0.946293 0.195112 1.95319 0
57 500.00 1259.60 98.077862 48.0034 0.673278 12.5874 2.37463 0 7.57917 0.195131 12.6115 0 0 10.9383 1.94177 0.946493 0.195153 1.95386 0
57 500.00 1256.90 96.246364 47.9876 0.672996 12.5821 2.69731 0 7.28562 0.195071 12.6114 0 0 10.9337 1.94096 0.946096 0.195071 1.95211 0
58 500.00 1259.70 98.088372 48.0025 0.673206 12.586 2.37437 0 7.57941 0.195132 12.6153 0 0 10.9372 1.94157 0.946391 0.195132 1.95376 0
59 500.00 1259.70 98.088372 48.0025 0.673206 12.586 2.37437 0 7.57941 0.195132 12.6153 0 0 10.9372 1.94157 0.946391 0.195132 1.95376 0
58 500.00 1256.90 96.246364 47.9876 0.672996 12.5821 2.69731 0 7.28562 0.195071 12.6114 0 0 10.9337 1.94096 0.946096 0.195071 1.95211 0
58 500.00 1253.81 96.605685 48.0414 0.676988 12.6567 2.49624 0 7.46781 0.195054 12.4104 0 0 10.9964 1.95247 0.951708 0.196228 1.9585 0
60 500.00 1254.70 97.521034 48.0473 0.677123 12.6593 2.38819 0 7.56554 0.195076 12.4088 0 0 10.9986 1.95286 0.951897 0.196267 1.95915 0
59 500.00 1251.88 95.701764 48.0309 0.676826 12.6537 2.71266 0 7.27202 0.195007 12.408 0 0 10.9938 1.95201 0.95148 0.196181 1.95739 0
59 500.00 1248.82 96.057487 48.0855 0.680852 12.729 2.51049 0 7.45337 0.19498 12.2069 0 0 11.057 1.96362 0.957139 0.197348 1.96386 0
61 500.00 1249.71 96.964045 48.0918 0.681012 12.732 2.4019 0 7.55099 0.195004 12.2044 0 0 11.0595 1.96408 0.957365 0.197395 1.96455 0
60 500.00 1246.87 95.161180 48.0745 0.680671 12.7256 2.72807 0 7.25764 0.194928 12.2045 0 0 11.0541 1.96309 0.956885 0.197296 1.96272 0
60 500.00 1243.83 95.520132 48.1294 0.684682 12.8006 2.52461 0 7.43831 0.194891 12.0057 0 0 11.117 1.97466 0.962524 0.198459 1.96922 0
62 500.00 1244.71 96.418090 48.1361 0.684868 12.8041 2.4155 0 7.5358 0.194917 12.0024 0 0 11.1199 1.9752 0.962786 0.198513 1.96995 0
61 500.00 1241.85 94.631348 48.1179 0.684482 12.7968 2.74334 0 7.24266 0.194833 12.0034 0 0 11.1138 1.97409 0.962242 0.198401 1.96806 0
61 500.00 1238.84 94.993351 48.173 0.688479 12.8716 2.53861 0 7.42262 0.194787 11.8069 0 0 11.1765 1.98561 0.967862 0.199559 1.97458 0
63 500.00 1239.71 95.882892 48.1801 0.688691 12.8755 2.42899 0 7.51998 0.194815 11.8027 0 0 11.1798 1.98623 0.96816 0.199621 1.97535 0
62 500.00 1236.83 94.112001 48.161 0.688259 12.8675 2.75848 0 7.22708 0.194724 11.8046 0 0 11.1729 1.98498 0.967552 0.199495 1.97339 0
62 500.00 1233.85 94.476883 48.2163 0.692242 12.9419 2.55249 0 7.40633 0.194669 11.6104 0 0 11.2354 1.99647 0.973152 0.20065 1.97995 0
64 500.00 1234.71 95.358187 48.2239 0.692481 12.9464 2.44235 0 7.50353 0.194699 11.6054 0 0 11.2391 1.99715 0.973487 0.200719 1.98076 0
63 500.00 1231.81 93.602880 48.2039 0.692003 12.9374 2.77348 0 7.21091 0.1946 11.6082 0 0 11.2316 1.99578 0.972815 0.20058 1.97873 0
63 500.00 1228.86 93.970476 48.2594 0.695973 13.0117 2.56625 0 7.38943 0.194537 11.4163 0 0 11.2938 2.00723 0.978397 0.201731 1.98532 0
65 500.00 1229.72 94.843716 48.2674 0.696237 13.0166 2.4556 0 7.48645 0.194568 11.4104 0 0 11.2979 2.00799 0.978768 0.201808 1.98617 0
64 500.00 1226.80 93.103733 48.2465 0.695713 13.0068 2.78835 0 7.19416 0.194463 11.4141 0 0 11.2896 2.00648 0.978031 0.201656 1.98407 0
64 500.00 1223.88 93.473883 48.3022 0.69967 13.0808 2.57988 0 7.37193 0.19439 11.2245 0 0 11.3516 2.01789 0.983595 0.202803 1.9907 0
66 500.00 1224.72 94.339227 48.3107 0.69996 13.0862 2.46873 0 7.46877 0.194423 11.2178 0 0 11.3562 2.01873 0.984002 0.202887 1.99158 0
65 500.00 1221.78 92.614317 48.2888 0.699389 13.0755 2.80309 0 7.17684 0.194311 11.2224 0 0 11.3472 2.01708 0.983199 0.202721 1.98942 0
65 500.00 1218.89 92.986867 48.3448 0.703335 13.1493 2.59339 0 7.35384 0.19423 11.035 0 0 11.409 2.02846 0.988746 0.203865 1.99608 0
67 500.00 1219.72 93.844480 48.3537 0.70365 13.1552 2.48175 0 7.45047 0.194264 11.0275 0 0 11.4139 2.02937 0.98919 0.203957 1.997 0
66 500.00 1216.76 92.134396 48.3309 0.703032 13.1436 2.81769 0 7.15894 0.194145 11.0331 0 0 11.4042 2.02759 0.98832 0.203777 1.99477 0
66 500.00 1213.90 92.509197 48.3871 0.706967 13.2172 2.60678 0 7.33517 0.194055 10.8478 0 0 11.4658 2.03893 0.993852 0.204918 2.00146 0
68 500.00 1214.72 93.359236 48.3964 0.707308 13.2236 2.49465 0 7.43157 0.194092 10.8396 0 0 11.4711 2.03992 0.994331 0.205017 2.00241 0
67 500.00 1211.75 91.663741 48.3726 0.706642 13.2111 2.83216 0 7.14049 0.193966 10.846 0 0 11.4606 2.038 0.993395 0.204824 2.00012 0
67 500.00 1208.91 92.040649 48.4292 0.710566 13.2845 2.62005 0 7.31592 0.193868 10.6629 0 0 11.522 2.04931 0.998911 0.205961 2.00684 0
69 500.00 1209.73 92.883268 48.4389 0.710932 13.2913 2.50743 0 7.41208 0.193905 10.6539 0 0 11.5278 2.05037 0.999426 0.206067 2.00784 0
68 500.00 1206.73 91.202127 48.4142 0.710218 13.278 2.84649 0 7.12148 0.193773 10.6612 0 0 11.5166 2.04831 0.998423 0.20586 2.00547 0
68 500.00 1203.92 91.581003 48.471 0.714132 13.3512 2.6332 0 7.29609 0.193667 10.4803 0 0 11.5778 2.0596 1.00392 0.206995 2.01223 0
70 500.00 1204.73 92.416353 48.4812 0.714524 13.3585 2.5201 0 7.392 0.193705 10.4705 0 0 11.5839 2.06073 1.00448 0.207108 2.01326 0
69 500.00 1201.71 90.749340 48.4554 0.713762 13.3442 2.86069 0 7.10192 0.193566 10.4788 0 0 11.572 2.05853 1.0034 0.206888 2.01083 0
69 500.00 1198.93 91.130050 48.5125 0.717666 13.4172 2.64623 0 7.2757 0.193452 10.2999 0 0 11.633 2.06979 1.00889 0.208019 2.01762 0
71 500.00 1199.73 91.958276 48.5232 0.718083 13.425 2.53265 0 7.37133 0.193491 10.2894 0 0 11.6395 2.07099 1.00948 0.20814 2.01869 0
70 500.00 1196.69 90.305171 48.4964 0.717273 13.4099 2.87476 0 7.08181 0.193347 10.2986 0 0 11.6268 2.06866 1.00834 0.207905 2.01619 0
70 500.00 1193.94 90.687584 48.5538 0.721167 13.4827 2.65914 0 7.25474 0.193225 10.1218 0 0 11.6877 2.07989 1.01381 0.209034 2.02301 0
72 500.00 1194.73 91.508827 48.5649 0.72161 13.491 2.54509 0 7.35009 0.193264 10.1106 0 0 11.6946 2.08117 1.01444 0.209162 2.02413 0
71 500.00 1191.68 89.869414 48.5372 0.720751 13.4749 2.8887 0 7.06117 0.193114 10.1207 0 0 11.6811 2.07869 1.01323 0.208913 2.02155 0
71 500.00 1188.95 90.253404 48.5948 0.724637 13.5476 2.67194 0 7.23323 0.192984 9.94598 0 0 11.7418 2.08989 1.01869 0.21004 2.02841 0
73 500.00 1189.74 91.067801 48.6064 0.725105 13.5563 2.55742 0 7.32827 0.193024 9.93403 0 0 11.7492 2.09124 1.01935 0.210175 2.02956 0
72 500.00 1186.66 89.441871 48.5776 0.724196 13.5393 2.90251 0 7.04 0.192869 9.94501 0 0 11.735 2.08862 1.01807 0.209912 2.02691 0
72 500.00 1183.96 89.827316 48.6356 0.728074 13.6118 2.68461 0 7.21117 0.192731 9.77235 0 0 11.7955 2.09981 1.02352 0.211036 2.03381 0
74 500.00 1184.74 90.634999 48.6476 0.728567 13.621 2.56963 0 7.30589 0.192771 9.7597 0 0 11.8032 2.10123 1.02422 0.211179 2.03501 0
73 500.00 1181.64 89.022349 48.6178 0.727609 13.6031 2.91619 0 7.01829 0.192611 9.77159 0 0 11.7882 2.09847 1.02287 0.210901 2.03228 0
73 500.00 1178.97 89.409129 48.6761 0.731479 13.6755 2.69717 0 7.18857 0.192465 9.60095 0 0 11.8486 2.10963 1.02831 0.212023 2.03921 0
75 500.00 1179.74 90.210229 48.6885 0.731998 13.6852 2.58173 0 7.28294 0.192505 9.5876 0 0 11.8567 2.11112 1.02904 0.212173 2.04045 0
74 500.00 1176.63 88.610659 48.6578 0.730989 13.6663 2.92974 0 6.99607 0.19234 9.60039 0 0 11.841 2.10822 1.02762 0.211881 2.03766 0
74 500.00 1173.98 88.998660 48.7163 0.734853 13.7386 2.70961 0 7.16542 0.192186 9.43174 0 0 11.9013 2.11936 1.03305 0.213001 2.04462 0
76 500.00 1174.75 89.793300 48.7292 0.735397 13.7487 2.59372 0 7.25944 0.192227 9.41771 0 0 11.9098 2.12093 1.03382 0.213158 2.0459 0
75 500.00 1171.61 88.206619 48.6975 0.734338 13.7289 2.94316 0 6.97333 0.192057 9.43141 0 0 11.8932 2.11787 1.03233 0.212851 2.04303 0
75 500.00 1168.99 88.595727 48.7563 0.738195 13.801 2.72193 0 7.14174 0.191896 9.26472 0 0 11.9534 2.129 1.03775 0.21397 2.05004 0
77 500.00 1169.75 89.384031 48.7697 0.738764 13.8117 2.60559 0 7.23538 0.191936 9.25002 0 0 11.9623 2.13064 1.03855 0.214134 2.05136 0
76 500.00 1166.59 87.810049 48.7369 0.737654 13.7909 2.95645 0 6.95007 0.191762 9.26463 0 0 11.945 2.12744 1.03699 0.213813 2.04842 0
76 500.00 1164.00 88.200156 48.7961 0.741506 13.8629 2.73414 0 7.11752 0.191593 9.09987 0 0 12.005 2.13855 1.04241 0.214929 2.05545 0
78 500.00 1164.75 88.982241 48.8099 0.7421 13.874 2.61736 0 7.21078 0.191633 9.08452 0 0 12.0143 2.14026 1.04324 0.215101 2.05682 0
77 500.00 1161.57 87.420777 48.776 0.740939 13.8523 2.96962 0 6.92631 0.191454 9.10003 0 0 11.9962 2.13691 1.04161 0.214765 2.0538 0
77 500.00 1159.01 87.811776 48.8356 0.744785 13.9242 2.74623 0 7.09278 0.191278 8.93718 0 0 12.0561 2.148 1.04702 0.21588 2.06088 0
79 500.00 1159.75 88.587758 48.8498 0.745404 13.9358 2.62901 0 7.18563 0.191318 8.92119 0 0 12.0658 2.14979 1.04789 0.216059 2.06228 0
78 500.00 1154.03 87.430420 48.8748 0.748034 13.985 2.75821 0 7.06752 0.190951 8.77664 0 0 12.1068 2.15737 1.05158 0.216821 2.06631 0
78 500.00 1156.56 87.038632 48.8149 0.744192 13.9131 2.98265 0 6.90205 0.191135 8.9376 0 0 12.0469 2.14629 1.04618 0.215708 2.05919 0
80 500.00 1154.76 88.200409 48.8895 0.748678 13.997 2.64056 0 7.15995 0.19099 8.76001 0 0 12.1168 2.15923 1.05249 0.217008 2.06775 0
79 500.00 1149.04 87.055926 48.9138 0.751252 14.0451 2.77007 0 7.04173 0.190612 8.61822 0 0 12.1569 2.16665 1.05611 0.217754 2.07174 0
79 500.00 1151.54 86.663450 48.8536 0.747413 13.9734 2.99557 0 6.87728 0.190804 8.77732 0 0 12.0971 2.15558 1.05071 0.216642 2.06459 0
81 500.00 1149.76 87.820031 48.929 0.751921 14.0576 2.652 0 7.13372 0.190651 8.60098 0 0 12.1673 2.16858 1.05705 0.217948 2.07323 0
80 500.00 1144.05 86.688136 48.9526 0.754439 14.1047 2.78183 0 7.01544 0.190261 8.46192 0 0 12.2065 2.17585 1.06059 0.218678 2.07718 0
80 500.00 1146.52 86.295070 48.892 0.750604 14.033 3.00835 0 6.85202 0.190461 8.61918 0 0 12.1469 2.16479 1.0552 0.217566 2.06999 0
82 500.00 1144.76 87.446461 48.9682 0.755133 14.1177 2.66332 0 7.10697 0.190299 8.44407 0 0 12.2173 2.17785 1.06156 0.218879 2.07871 0
81 500.00 1139.06 86.326894 48.9911 0.757596 14.1638 2.79347 0 6.98863 0.189899 8.30771 0 0 12.2557 2.18495 1.06503 0.219593 2.08262 0
81 500.00 1141.51 85.933334 48.9301 0.753764 14.0921 3.02102 0 6.82627 0.190106 8.46316 0 0 12.1961 2.1739 1.05964 0.218482 2.07539 0
83 500.00 1139.76 87.079541 49.0071 0.758315 14.1772 2.67455 0 7.07969 0.189936 8.28927 0 0 12.2669 2.18702 1.06604 0.219801 2.08419 0
82 500.00 1134.07 85.972050 49.0293 0.760723 14.2222 2.805 0 6.96131 0.189526 8.15558 0 0 12.3044 2.19397 1.06942 0.220499 2.08807 0
82 500.00 1136.49 85.578090 48.968 0.756893 14.1506 3.03356 0 6.80004 0.18974 8.30925 0 0 12.2448 2.18292 1.06404 0.219389 2.0808 0
84 500.00 1134.77 86.719117 49.0459 0.761467 14.2361 2.68566 0 7.05188 0.189562 8.13656 0 0 12.3159 2.19611 1.07047 0.220715 2.08969 0
83 500.00 1129.08 85.623455 49.0673 0.76382 14.2801 2.81642 0 6.93348 0.189141 8.00552 0 0 12.3526 2.2029 1.07378 0.221397 2.09353 0
83 500.00 1131.47 85.229188 49.0056 0.759991 14.2085 3.04598 0 6.77331 0.189363 8.15742 0 0 12.293 2.19186 1.06839 0.220287 2.08622 0
85 500.00 1129.77 86.365039 49.0843 0.764588 14.2945 2.69667 0 7.02355 0.189175 7.98593 0 0 12.3645 2.20512 1.07486 0.22162 2.09519 0
84 500.00 1124.09 82.933781 49.1116 0.771712 14.581 2.80449 0 7.01076 0.194576 7.72272 0 0 12.0976 2.26981 1.1086 0.228577 2.09853 0
84 500.00 1126.45 83.392309 49.0474 0.766381 14.4199 3.04491 0 6.81116 0.192639 7.92221 0 0 12.1497 2.23728 1.09193 0.22514 2.09135 0
86 500.00 1124.77 84.338716 49.1251 0.77126 14.5249 2.69102 0 7.07093 0.192886 7.74218 0 0 12.1989 2.25495 1.10068 0.226944 2.1003 0
85 500.00 1119.10 79.849823 49.166 0.779206 14.9383 2.78404 0 7.10969 0.201513 7.41114 0 0 11.7661 2.35168 1.15142 0.237405 2.10357 0
85 500.00 1121.44 80.204704 49.1025 0.774527 14.7829 3.02733 0 6.9104 0.199686 7.60461 0 0 11.8119 2.32026 1.13532 0.234087 2.09641 0
87 500.00 1119.78 81.175982 49.1763 0.779107 14.8849 2.66988 0 7.17297 0.199843 7.42888 0 0 11.8664 2.33704 1.14356 0.235787 2.10531 0
86 500.00 1114.11 77.017912 49.2282 0.784996 15.2848 2.76163 0 7.20101 0.208323 7.10851 0 0 11.4416 2.4324 1.19375 0.246135 2.10873 0
86 500.00 1116.42 77.284069 49.1658 0.780942 15.1349 3.00748 0 7.00197 0.206601 7.29616 0 0 11.4814 2.40205 1.17823 0.242934 2.10158 0
88 500.00 1114.78 78.272712 49.2353 0.785236 15.2342 2.64685 0 7.26731 0.206677 7.12454 0 0 11.5409 2.41801 1.18598 0.244532 2.11044 0
87 500.00 1111.40 74.600398 49.2366 0.785663 15.476 2.98556 0 7.08602 0.21338 6.99681 0 0 11.1582 2.48262 1.22061 0.251673 2.10686 0
87 500.00 1109.12 74.410420 49.2977 0.789118 15.6208 2.73742 0 7.28486 0.215001 6.8148 0 0 11.1241 2.51193 1.23559 0.25476 2.11398 0
89 500.00 1109.78 75.600328 49.3019 0.789681 15.573 2.62209 0 7.35409 0.213383 6.82911 0 0 11.2222 2.49781 1.2279 0.253176 2.11567 0
88 500.00 1104.13 72.003589 49.3741 0.791613 15.9465 2.71156 0 7.36142 0.221544 6.52992 0 0 10.8136 2.59024 1.27689 0.263276 2.11932 0
88 500.00 1106.39 71.792081 49.4865 0.779744 15.8353 2.80275 0 7.10529 0.22075 6.66219 0 0 10.8819 2.57387 1.26836 0.261518 2.12178 0
90 500.00 1104.78 73.134278 49.3754 0.792481 15.9013 2.59575 0 7.43348 0.219955 6.54253 0 0 10.9106 2.5764 1.26931 0.261713 2.12099 0
89 500.00 1099.14 69.497678 49.6096 0.783489 16.2857 2.54747 0 7.37684 0.228592 6.21659 0 0 10.5448 2.67798 1.32293 0.272769 2.13316 0
91 500.00 1099.79 70.853344 49.4556 0.793679 16.2195 2.56797 0 7.5056 0.22639 6.2647 0 0 10.6061 2.65376 1.31017 0.270138 2.12639 0
89 500.00 1101.37 69.180727 49.7629 0.770615 16.1866 2.60266 0 7.10696 0.228083 6.33467 0 0 10.6169 2.66528 1.31624 0.271389 2.13769 0
90 500.00 1094.15 65.471139 50.0344 0.790404 16.3276 2.40931 0 7.46427 0.239415 5.86732 0 0 10.2186 2.80263 1.40297 0.289544 2.15348 0
92 500.00 1094.79 67.026303 49.8301 0.798959 16.309 2.43897 0 7.59138 0.236513 5.92362 0 0 10.2858 2.77143 1.3839 0.285563 2.14483 0
90 500.00 1096.35 66.180924 50.091 0.767017 16.4173 2.43392 0 7.13568 0.236669 6.00727 0 0 10.3293 2.76803 1.37543 0.283691 2.15466 0
91 500.00 1089.16 61.299678 50.5313 0.801462 16.2493 2.28475 0 7.56525 0.251357 5.51609 0 0 9.8804 2.93832 1.49653 0.309248 2.17601 0
93 500.00 1089.79 62.697470 50.3234 0.810271 16.2318 2.31362 0 7.7003 0.248494 5.5681 0 0 9.94563 2.90803 1.47753 0.305279 2.16749 0
91 500.00 1091.34 61.859169 50.593 0.780109 16.3384 2.31418 0 7.2385 0.24893 5.65102 0 0 9.98017 2.9056 1.46961 0.303511 2.17701 0
92 500.00 1084.18 57.618675 51.0362 0.808965 16.1665 2.1557 0 7.64297 0.262878 5.17996 0 0 9.55871 3.07038 1.59016 0.329004 2.19867 0
94 500.00 1084.79 58.880549 50.8261 0.81785 16.1506 2.18305 0 7.78493 0.260061 5.22742 0 0 9.62203 3.04119 1.57135 0.325068 2.19036 0
92 500.00 1086.32 58.063307 51.1024 0.789756 16.2552 2.18902 0 7.31823 0.260759 5.31036 0 0 9.64843 3.03925 1.56372 0.323352 2.19944 0
93 500.00 1079.19 54.347971 51.5462 0.813151 16.0778 2.02506 0 7.69944 0.273964 4.85924 0 0 9.25248 3.19863 1.68383 0.348804 2.22133 0
95 500.00 1079.80 55.491544 51.3352 0.821941 16.0638 2.0504 0 7.84731 0.271198 4.90199 0 0 9.31393 3.17071 1.66529 0.344921 2.21329 0
93 500.00 1081.30 54.704329 51.6167 0.796181 16.1665 2.06145 0 7.37694 0.272145 4.98553 0 0 9.33297 3.16881 1.65772 0.343207 2.22185 0
94 500.00 1074.20 51.423704 52.0592 0.814274 15.9825 1.89516 0 7.73645 0.284598 4.55401 0 0 8.96089 3.32288 1.77747 0.368639 2.24388 0
96 500.00 1074.80 52.463696 51.8482 0.822809 15.9704 1.91818 0 7.8893 0.281886 4.59201 0 0 9.0205 3.29638 1.7593 0.364828 2.23616 0
94 500.00 1076.28 51.711906 52.1333 0.799615 16.0713 1.93386 0 7.41652 0.283077 4.67659 0 0 9.03286 3.29413 1.75156 0.363067 2.24411 0
95 500.00 1069.21 48.794247 52.5732 0.812603 15.8797 1.76782 0 7.75562 0.294766 4.26419 0 0 8.6833 3.44297 1.87107 0.388505 2.26624 0
97 500.00 1069.80 49.743123 52.363 0.820738 15.8696 1.78836 0 7.91257 0.292108 4.29746 0 0 8.74108 3.41803 1.85334 0.384781 2.25887 0
95 500.00 1071.27 49.029629 52.6504 0.800304 15.9689 1.80813 0 7.43861 0.293543 4.38339 0 0 8.74737 3.41507 1.84521 0.38293 2.26616 0
96 500.00 1064.22 46.417336 53.0864 0.808415 15.7691 1.64441 0 7.75839 0.30445 3.98949 0 0 8.41915 3.55877 1.96461 0.408399 2.28835 0
98 500.00 1064.80 47.285753 52.8778 0.816024 15.7609 1.66245 0 7.91863 0.301844 4.01814 0 0 8.47513 3.53548 1.94738 0.404777 2.28136 0
96 500.00 1066.25 46.611664 53.1664 0.798495 15.8588 1.6857 0 7.44472 0.303529 4.10559 0 0 8.47587 3.5315 1.93868 0.402794 2.28793 0
97 500.00 1059.23 44.258014 53.5977 0.801989 15.6505 1.52593 0 7.74601 0.313635 3.72953 0 0 8.16797 3.67016 2.05808 0.428324 2.31017 0
99 500.00 1059.81 45.055144 53.3913 0.808968 15.6441 1.54155 0 7.90878 0.311077 3.75372 0 0 8.22216 3.64862 2.04142 0.424817 2.30357 0
97 500.00 1061.23 44.420365 53.6801 0.794442 15.7408 1.56762 0 7.43613 0.313025 3.84278 0 0 8.2178 3.64335 2.03197 0.422664 2.3094 0
98 500.00 1054.24 42.287134 54.106 0.793604 15.5238 1.41308 0 7.71958 0.322304 3.48382 0 0 7.9293 3.77705 2.15151 0.448287 2.33167 0
100 500.00 1054.81 43.020907 53.9021 0.799869 15.519 1.42643 0 7.88416 0.319788 3.50376 0 0 7.98174 3.75733 2.13547 0.444905 2.32547 0
98 500.00 1056.22 42.424543 54.1903 0.788392 15.6148 1.45465 0 7.41398 0.322018 3.59442 0 0 7.97266 3.75053 2.12511 0.442548 2.33053 0
99 500.00 1049.25 40.480238 54.6106 0.783529 15.3891 1.30631 0 7.68003 0.330442 3.25181 0 0 7.70272 3.8794 2.24493 0.468297 2.35283 0
101 500.00 1049.81 41.157525 54.4096 0.789021 15.3858 1.31757 0 7.84576 0.32796 3.26772 0 0 7.75348 3.86154 2.22954 0.465048 2.34703 0
99 500.00 1051.20 40.598178 54.6965 0.78059 15.4811 1.3473 0 7.37924 0.330496 3.3599 0 0 7.73997 3.85301 2.21814 0.462457 2.35132 0
100 500.00 1044.26 38.816708 55.1108 0.772026 15.2468 1.20586 0 7.62816 0.338033 3.03289 0 0 7.48783 3.97717 2.33839 0.488367 2.37365 0
102 500.00 1044.82 39.443476 54.9129 0.776706 15.2447 1.21524 0 7.79441 0.335574 3.04504 0 0 7.53699 3.96122 2.32368 0.485257 2.36826 0
100 500.00 1046.18 38.919448 55.1981 0.771271 15.3397 1.24587 0 7.33273 0.338447 3.13862 0 0 7.51928 3.95077 2.31111 0.482404 2.37177 0
101 500.00 1039.27 37.279110 55.6063 0.759345 15.0972 1.11182 0 7.56464 0.345062 2.82648 0 0 7.28422 4.07037 2.43194 0.50851 2.39413 0
103 500.00 1039.82 37.860545 55.4118 0.763194 15.0961 1.11955 0 7.73081 0.342613 2.83512 0 0 7.33185 4.05633 2.41794 0.505545 2.38914 0
101 500.00 1041.16 37.369982 55.6946 0.760662 15.191 1.15052 0 7.27514 0.345858 2.92994 0 0 7.31014 4.04381 2.40408 0.502406 2.39186 0
102 500.00 1034.28 35.852677 56.0968 0.745719 14.9407 1.02415 0 7.49002 0.351513 2.63199 0 0 7.09148 4.15898 2.52564 0.528741 2.41427 0
104 500.00 1034.82 36.393295 55.9057 0.748736 14.9405 1.03045 0 7.65556 0.34906 2.63738 0 0 7.13769 4.1469 2.51238 0.525927 2.40967 0
102 500.00 1036.15 35.934269 56.1858 0.748979 15.0354 1.06126 0 7.20706 0.352715 2.73322 0 0 7.11214 4.13215 2.49713 0.522479 2.41162 0
103 500.00 1029.29 34.524888 56.582 0.73137 14.7779 0.942702 0 7.40481 0.357371 2.44882 0 0 6.90922 4.24306 2.61954 0.549076 2.43407 0
105 500.00 1029.82 35.028629 56.3946 0.73357 14.7784 0.947785 0 7.56916 0.3549 2.45124 0 0 6.9541 4.23293 2.60703 0.546416 2.42987 0
103 500.00 1031.13 34.599201 56.6716 0.736426 14.8734 0.978024 0 7.12899 0.359007 2.54786 0 0 6.92482 4.21582 2.59031 0.54264 2.43104 0
104 500.00 1024.30 33.285136 57.0619 0.716501 14.6094 0.867285 0 7.30944 0.362625 2.27645 0 0 6.737 4.32263 2.7137 0.569527 2.45355 0
106 500.00 1024.83 33.755448 56.8781 0.717911 14.6104 0.871348 0 7.4721 0.360121 2.27616 0 0 6.78066 4.31446 2.70196 0.567026 2.44973 0
104 500.00 1026.11 33.353686 57.1518 0.723194 14.7056 0.900659 0 7.04136 0.364721 2.3733 0 0 6.74777 4.29487 2.68369 0.562904 2.45014 0
105 500.00 1019.31 32.124436 57.5361 0.7013 14.4359 0.797641 0 7.20436 0.367265 2.11435 0 0 6.57441 4.39775 2.80814 0.590105 2.4727 0
107 500.00 1019.83 32.564352 57.3561 0.701958 14.4372 0.800861 0 7.36482 0.364711 2.11161 0 0 6.61695 4.39155 2.79718 0.587766 2.46925 0
105 500.00 1021.10 32.188343 57.6262 0.709464 14.5326 0.828966 0 6.94457 0.369848 2.20898 0 0 6.58056 4.36935 2.7773 0.583283 2.46892 0
106 500.00 1014.32 31.035174 58.0046 0.685935 14.2579 0.733478 0 7.09 0.371285 1.96204 0 0 6.421 4.46849 2.90288 0.610816 2.49153 0
108 500.00 1014.83 31.447380 57.8284 0.685888 14.2595 0.73601 0 7.24782 0.368666 1.9571 0 0 6.46253 4.46424 2.89273 0.608642 2.48845 0
106 500.00 1016.08 31.095239 58.0947 0.695401 14.355 0.762699 0 6.83902 0.374378 2.05441 0 0 6.42273 4.43934 2.87118 0.603787 2.48739 0
107 500.00 1009.34 30.010881 58.4672 0.670558 14.0762 0.674481 0 6.96685 0.374686 1.81909 0 0 6.27634 4.5349 2.99793 0.631664 2.51004 0
109 500.00 1009.83 30.397767 58.2947 0.669857 14.078 0.676459 0 7.1216 0.371985 1.8122 0 0 6.31695 4.53261 2.9886 0.629658 2.50731 0
107 500.00 1011.06 30.067621 58.5572 0.681157 14.1735 0.701586 0 6.72513 0.378309 1.90912 0 0 6.27386 4.50489 2.96535 0.624423 2.50554 0
108 500.00 1004.35 29.046119 58.9235 0.6553 13.8916 0.620321 0 6.83548 0.377471 1.68506 0 0 6.13999 4.59707 3.09326 0.652644 2.52823 0
110 500.00 1004.84 29.409831 58.7549 0.654 13.8935 0.62186 0 6.98677 0.374675 1.67646 0 0 6.17976 4.59672 3.08475 0.65081 2.52584 0
108 500.00 1006.04 29.099809 59.0135 0.666868 13.9887 0.645335 0 6.60334 0.381641 1.77268 0 0 6.1335 4.56611 3.05979 0.64519 2.52338 0
109 500.00 999.36 28.136276 59.3733 0.640273 13.7048 0.570665 0 6.6965 0.379654 1.55956 0 0 6.01148 4.65509 3.18882 0.673749 2.54608 0
111 500.00 999.84 28.478756 59.2084 0.638429 13.7066 0.57186 0 6.84401 0.37675 1.54947 0 0 6.0505 4.65666 3.18114 0.672087 2.54404 0
109 500.00 1001.03 28.187003 59.4632 0.652654 13.8015 0.593644 0 6.47419 0.384379 1.64468 0 0 6.00121 4.62308 3.15447 0.666084 2.5409 0
110 500.00 994.37 27.277417 59.8161 0.625568 13.5165 0.525181 0 6.55063 0.381253 1.44219 0 0 5.89037 4.70904 3.28452 0.694963 2.5636 0
112 500.00 994.84 27.600434 59.655 0.623236 13.5182 0.526109 0 6.69409 0.378231 1.43084 0 0 5.92872 4.71252 3.27768 0.693475 2.56188 0
110 500.00 996.01 27.325117 59.9062 0.638619 13.6125 0.546204 0 6.33825 0.386538 1.52474 0 0 5.87653 4.67589 3.24933 0.687093 2.5581 0
111 500.00 989.38 26.466146 60.2516 0.61126 13.3275 0.483543 0 6.39868 0.382295 1.33258 0 0 5.77623 4.75903 3.38027 0.716265 2.58077 0
113 500.00 989.84 26.771323 60.0941 0.608492 13.3291 0.484268 0 6.53785 0.379145 1.32017 0 0 5.81396 4.76438 3.37427 0.714952 2.57937 0
111 500.00 990.99 26.510650 60.3421 0.624849 13.4224 0.502708 0 6.1962 0.388136 1.41247 0 0 5.75903 4.72466 3.34428 0.708202 2.57497 0
112 500.00 984.39 25.699498 60.6793 0.597402 13.1383 0.445437 0 6.24149 0.38281 1.23035 0 0 5.66861 4.80515 3.47595 0.737633 2.59759 0
114 500.00 984.85 25.988328 60.5253 0.59425 13.1397 0.446008 0 6.37623 0.379527 1.21707 0 0 5.70579 4.81235 3.47078 0.736492 2.5965 0
112 500.00 985.98 25.740570 60.7703 0.611414 13.232 0.462855 0 6.04877 0.389197 1.30752 0 0 5.64827 4.76949 3.43922 0.72939 2.59151 0
113 500.00 979.40 24.974838 61.0986 0.584035 12.9497 0.410563 0 6.07996 0.382837 1.13511 0 0 5.56711 4.84753 3.57141 0.759035 2.61404 0
115 500.00 979.85 25.248695 60.948 0.580544 12.9509 0.41102 0 6.21017 0.379416 1.12115 0 0 5.60379 4.85654 3.56707 0.758067 2.61326 0
113 500.00 980.96 25.012207 61.1906 0.598367 13.0419 0.426352 0 5.89675 0.389753 1.20953 0 0 5.54384 4.81052 3.53403 0.75063 2.6077 0
114 500.00 974.41 24.289784 61.5093 0.571182 12.7623 0.378639 0 5.91503 0.382417 1.0465 0 0 5.47134 4.88628 3.66652 0.780443 2.63013 0
116 500.00 974.85 24.549937 61.3619 0.567396 12.7633 0.37901 0 6.04064 0.378855 1.03201 0 0 5.50756 4.89707 3.663 0.779644 2.62964 0
114 500.00 975.94 24.323178 61.6025 0.585747 12.8527 0.392922 0 5.74098 0.38984 1.11813 0 0 5.44534 4.84787 3.62856 0.771894 2.62353 0
115 500.00 969.42 23.642147 61.9107 0.558856 12.5764 0.3494 0 5.74759 0.381591 0.964129 0 0 5.38091 4.92155 3.76112 0.801822 2.64585 0
117 500.00 969.86 23.889761 61.7665 0.554812 12.5773 0.349709 0 5.86862 0.377889 0.949249 0 0 5.41672 4.93407 3.75839 0.801189 2.64563 0
115 500.00 970.92 23.671313 62.0055 0.573581 12.6649 0.362299 0 5.58229 0.389497 1.03298 0 0 5.35237 4.88167 3.72268 0.79315 2.63901 0
116 500.00 964.43 23.029884 62.3027 0.547057 12.3928 0.322602 0 5.57854 0.380405 0.887629 0 0 5.29549 4.95345 3.85506 0.823139 2.66119 0
118 500.00 964.86 23.266033 62.1613 0.54279 12.3934 0.322865 0 5.69501 0.376564 0.872488 0 0 5.33092 4.96766 3.85311 0.822667 2.66124 0
116 500.00 965.91 23.054608 62.3994 0.561882 12.4791 0.334236 0 5.42151 0.388764 0.953709 0 0 5.26459 4.91208 3.81624 0.814367 2.65413 0
117 500.00 960.89 22.471185 62.7837 0.550654 12.2957 0.308504 0 5.25947 0.387684 0.879975 0 0 5.18165 4.93923 3.90907 0.83551 2.66889 0
117 500.00 959.44 22.449852 62.6874 0.535784 12.2121 0.298004 0 5.40867 0.378909 0.816577 0 0 5.21281 4.98237 3.9484 0.842797 2.67617 0
119 500.00 959.86 22.672128 62.5562 0.531331 12.2136 0.298189 0 5.52055 0.37495 0.801145 0 0 5.2426 4.99884 3.94778 0.838211 2.67651 0
118 500.00 954.45 21.880223 63.1119 0.525083 12.0421 0.275154 0 5.23805 0.377258 0.74984 0 0 5.09908 5.01226 4.04464 0.833695 2.69096 0
120 500.00 954.86 22.092634 62.9834 0.520459 12.0435 0.275313 0 5.34562 0.373166 0.734365 0 0 5.12832 5.03038 4.04479 0.829071 2.69154 0
118 500.00 955.87 21.912182 63.1747 0.539921 12.1176 0.2848 0 5.09664 0.386341 0.811135 0 0 5.09152 4.96461 4.00231 0.847074 2.68334 0
119 500.00 949.46 21.342994 63.5243 0.514878 11.8749 0.25418 0 5.06838 0.375354 0.688093 0 0 4.99062 5.039 4.13969 0.825266 2.70534 0
121 500.00 949.87 21.546416 63.3985 0.510106 11.8761 0.25432 0 5.17173 0.371133 0.67266 0 0 5.01937 5.05871 4.14059 0.820606 2.70617 0
119 500.00 950.86 21.369193 63.5907 0.529704 11.9481 0.262863 0 4.9335 0.384811 0.746653 0 0 4.98075 4.98979 4.09726 0.838354 2.69755 0
120 500.00 944.48 20.836167 63.9248 0.505146 11.7106 0.234905 0 4.90023 0.373236 0.630969 0 0 4.88713 5.06276 4.23343 0.817453 2.71933 0
122 500.00 944.87 21.031390 63.8013 0.500247 11.7117 0.23503 0 4.99951 0.36889 0.61565 0 0 4.91543 5.08402 4.23503 0.81276 2.72039 0
120 500.00 945.84 20.856695 63.9948 0.519935 11.7815 0.24272 0 4.77143 0.383036 0.686881 0 0 4.87511 5.01195 4.19098 0.830282 2.71137 0
121 500.00 939.49 20.357864 64.3132 0.495862 11.5496 0.217168 0 4.73413 0.37094 0.578124 0 0 4.78835 5.08372 4.32572 0.810209 2.73295 0
123 500.00 939.87 20.545602 64.1919 0.490855 11.5506 0.217281 0 4.82946 0.366475 0.56298 0 0 4.81623 5.10648 4.32801 0.805483 2.73423 0
121 500.00 940.82 20.372844 64.3872 0.510593 11.618 0.224203 0 4.61097 0.381055 0.631478 0 0 4.77429 5.03128 4.28335 0.822807 2.72482 0
122 500.00 934.50 19.906319 64.6897 0.487 11.392 0.200826 0 4.57051 0.368501 0.529235 0 0 4.69402 5.10204 4.41648 0.803492 2.74619 0
124 500.00 934.87 20.087217 64.5704 0.481902 11.3929 0.20093 0 4.66203 0.363922 0.514318 0 0 4.72151 5.12626 4.41943 0.798734 2.7477 0
122 500.00 935.80 19.915900 64.7677 0.501659 11.4579 0.207162 0 4.45259 0.378902 0.580123 0 0 4.67803 5.04795 4.37425 0.815884 2.7379 0
123 500.00 929.51 19.479871 65.0542 0.478537 11.2381 0.18575 0 4.40975 0.365948 0.484002 0 0 4.6039 5.1179 4.50561 0.797264 2.75909 0
125 500.00 929.88 19.654511 64.9368 0.473362 11.2388 0.185845 0 4.4976 0.36126 0.469357 0 0 4.63104 5.14353 4.50919 0.792474 2.76081 0
123 500.00 930.79 19.484223 65.1363 0.493109 11.3014 0.191459 0 4.29669 0.37661 0.532516 0 0 4.5861 5.06213 4.4636 0.809474 2.75064 0
124 500.00 924.52 19.076961 65.4069 0.470446 11.0878 0.171825 0 4.25215 0.36331 0.442148 0 0 4.51779 5.13145 4.59303 0.791493 2.77165 0
126 500.00 924.88 19.245870 65.2912 0.465208 11.0884 0.171912 0 4.33646 0.358519 0.427812 0 0 4.54459 5.15845 4.5972 0.786671 2.77357 0
124 500.00 925.77 19.076270 65.4933 0.484923 11.1485 0.176973 0 4.14361 0.374208 0.488377 0 0 4.49828 5.07398 4.55129 0.803542 2.76303 0
125 500.00 919.53 18.696123 65.7479 0.462706 10.9414 0.158948 0 4.09795 0.36061 0.403417 0 0 4.43548 5.14286 4.67867 0.786151 2.78388 0
127 500.00 919.88 18.859777 65.6337 0.457416 10.9419 0.159026 0 4.17886 0.355721 0.389422 0 0 4.46197 5.17119 4.68341 0.781295 2.786 0
125 500.00 920.75 18.690588 65.8386 0.477078 10.9995 0.163593 0 3.99363 0.371723 0.44745 0 0 4.41436 5.08366 4.63725 0.798058 2.77511 0
126 500.00 914.54 18.335983 66.0775 0.455292 10.7988 0.147026 0 3.94734 0.35787 0.367576 0 0 4.35679 5.15229 4.76246 0.781213 2.79581 0
128 500.00 914.88 18.494813 65.9647 0.449961 10.7994 0.147095 0 4.02499 0.35289 0.353948 0 0 4.383 5.18191 4.76774 0.776324 2.79812 0
126 500.00 915.74 18.325810 66.1725 0.469554 10.8543 0.15122 0 3.84696 0.369177 0.409494 0 0 4.33416 5.09134 4.72141 0.792996 2.78687 0
127 500.00 909.55 17.995255 66.3957 0.448186 10.6602 0.135974 0 3.80047 0.35511 0.334408 0 0 4.28156 5.15987 4.84435 0.776658 2.80744 0
129 500.00 909.89 18.149649 66.2842 0.442822 10.6607 0.136034 0 3.87498 0.350043 0.321169 0 0 4.30749 5.19074 4.85015 0.771736 2.80994 0
127 500.00 910.72 17.980655 66.4951 0.46233 10.7131 0.139767 0 3.70378 0.366593 0.374291 0 0 4.25749 5.09717 4.80372 0.788335 2.79834 0
128 500.00 904.56 17.672732 66.7029 0.441366 10.5256 0.12572 0 3.65744 0.352347 0.303716 0 0 4.20962 5.16576 4.92431 0.77247 2.81879 0
130 500.00 904.89 17.823042 66.5924 0.435979 10.5261 0.125769 0 3.72894 0.347199 0.290884 0 0 4.23529 5.19785 4.9306 0.767513 2.82148 0
128 500.00 905.70 17.653916 66.8065 0.455388 10.5759 0.129154 0 3.56422 0.363988 0.34164 0 0 4.18421 5.10129 4.88412 0.784053 2.80953 0
129 500.00 899.57 17.367284 66.9992 0.434814 10.3949 0.116194 0 3.51831 0.349596 0.275319 0 0 4.14082 5.17009 5.00228 0.768633 2.82988 0
131 500.00 899.89 17.513829 66.8897 0.429412 10.3954 0.116232 0 3.58692 0.344371 0.26291 0 0 4.16624 5.20336 5.00904 0.763641 2.83274 0
129 500.00 900.68 17.340151 67.1073 0.438738 10.4426 0.12572 0 3.43417 0.360691 0.309799 0 0 4.11245 5.10426 4.96371 0.779652 2.82093 0
130 500.00 894.58 17.073132 67.2849 0.41745 10.2683 0.114478 0 3.38948 0.346083 0.247419 0 0 4.07289 5.17354 5.07955 0.764619 2.84124 0
132 500.00 894.90 17.219107 67.1762 0.418946 10.2689 0.110074 0 3.45144 0.341266 0.236457 0 0 4.09937 5.20762 5.08595 0.759913 2.84395 0
130 500.00 895.67 17.041976 67.3979 0.420573 10.3134 0.123902 0 3.30833 0.357245 0.280015 0 0 4.04343 5.10594 5.04157 0.775527 2.83218 0
131 500.00 889.59 16.794054 67.5606 0.400261 10.1459 0.113186 0 3.26408 0.342568 0.221628 0 0 4.00774 5.17578 5.15486 0.760946 2.85239 0
133 500.00 889.90 16.936707 67.4523 0.401644 10.1465 0.108996 0 3.32376 0.337689 0.211055 0 0 4.03385 5.21099 5.16168 0.756201 2.85526 0
131 500.00 890.65 16.759358 67.6784 0.403197 10.1884 0.122142 0 3.18545 0.353817 0.252489 0 0 3.97744 5.10639 5.11741 0.77178 2.84319 0
134 500.00 884.90 16.668898 67.7187 0.38508 10.0283 0.107929 0 3.1993 0.334172 0.187715 0 0 3.97106 5.2132 5.23535 0.752852 2.86634 0
132 500.00 884.60 16.529333 67.8266 0.383802 10.0276 0.111915 0 3.14183 0.339106 0.197883 0 0 3.94534 5.1769 5.22813 0.757634 2.86331 0
132 500.00 885.63 16.491325 67.9489 0.386566 10.0674 0.120425 0 3.06561 0.350424 0.227067 0 0 3.9143 5.10569 5.19121 0.768401 2.85396 0
135 500.00 879.90 16.414749 67.9754 0.369212 9.91412 0.106865 0 3.07811 0.33073 0.166295 0 0 3.91087 5.21436 5.30695 0.749859 2.87719 0
133 500.00 879.61 16.278056 68.083 0.368034 9.91322 0.110654 0 3.02279 0.335711 0.176046 0 0 3.88554 5.17699 5.29934 0.754677 2.874 0
133 500.00 880.62 16.236961 68.2099 0.370636 9.95049 0.118741 0 2.94888 0.347083 0.203605 0 0 3.85388 5.10398 5.26296 0.765383 2.86451 0
136 500.00 874.91 16.173386 68.2228 0.354003 9.80389 0.105795 0 2.9602 0.327378 0.146666 0 0 3.85311 5.21458 5.37649 0.74722 2.88783 0
134 500.00 874.63 16.039373 68.3301 0.352918 9.80279 0.109396 0 2.90698 0.332399 0.155988 0 0 3.8282 5.17616 5.36851 0.752072 2.88449 0
134 500.00 875.60 15.995407 68.4614 0.355371 9.83752 0.117082 0 2.83529 0.343809 0.181971 0 0 3.79605 5.10134 5.33265 0.762721 2.87484 0
135 500.00 869.64 15.812478 68.5682 0.33842 9.6962 0.108137 0 2.79439 0.329182 0.137592 0 0 3.7732 5.1745 5.43562 0.749817 2.89477 0
137 500.00 869.91 15.943984 68.4611 0.339417 9.69752 0.104717 0 2.84559 0.324128 0.128709 0 0 3.79767 5.21395 5.44396 0.744934 2.89827 0
135 500.00 870.58 15.765854 68.7037 0.340734 9.72843 0.11544 0 2.72486 0.340614 0.162045 0 0 3.74066 5.09787 5.40029 0.760413 2.88499 0
136 500.00 864.65 15.596615 68.7974 0.324509 9.59337 0.106873 0 2.68504 0.326073 0.120751 0 0 3.72041 5.1721 5.5007 0.747914 2.90488 0
138 500.00 864.91 15.725714 68.6916 0.325417 9.59475 0.102915 0 2.73364 0.321036 0.112437 0 0 3.74479 5.21251 5.50939 0.742989 2.90857 0
136 500.00 865.56 15.547538 68.937 0.326694 9.62313 0.113812 0 2.61761 0.337511 0.143715 0 0 3.68761 5.09366 5.46587 0.758459 2.89494 0
139 500.00 859.91 15.517903 68.9139 0.311978 9.49553 0.100644 0 2.62463 0.318088 0.0976894 0 0 3.69428 5.21034 5.57277 0.741383 2.91873 0
137 500.00 859.66 15.391064 69.0181 0.311154 9.49418 0.105602 0 2.57888 0.323083 0.105366 0 0 3.66972 5.16903 5.56374 0.746365 2.91481 0
137 500.00 860.55 15.339737 69.1616 0.313218 9.52152 0.112195 0 2.5135 0.334512 0.126879 0 0 3.63677 5.08879 5.52941 0.75686 2.90472 0
140 500.00 854.92 15.319897 69.1281 0.299073 9.39981 0.0981857 0 2.51881 0.315274 0.0843183 0 0 3.64592 5.20754 5.6341 0.740123 2.92874 0
138 500.00 854.67 15.195090 69.2316 0.298323 9.39831 0.10342 0 2.4752 0.320268 0.091484 0 0 3.62151 5.16532 5.62477 0.745151 2.92463 0
138 500.00 855.53 15.141763 69.3778 0.30028 9.42349 0.110587 0 2.41251 0.331628 0.111442 0 0 3.58803 5.08334 5.5909 0.75562 2.91433 0
141 500.00 849.92 15.131038 69.3343 0.286679 9.30748 0.0955449 0 2.41613 0.3126 0.0722345 0 0 3.59962 5.20417 5.69339 0.739211 2.9386 0
139 500.00 849.68 15.008119 69.4375 0.285996 9.30576 0.100869 0 2.37446 0.317602 0.0789204 0 0 3.57546 5.16104 5.68377 0.744283 2.93434 0
142 500.00 844.92 14.950688 69.5328 0.274771 9.21839 0.0927273 0 2.31658 0.310074 0.0613551 0 0 3.55533 5.20029 5.75065 0.738652 2.94834 0
139 500.00 850.51 14.952957 69.5858 0.287854 9.32893 0.108988 0 2.31462 0.328871 0.0973193 0 0 3.54131 5.07738 5.65037 0.754744 2.9238 0
140 500.00 844.69 14.829540 69.6357 0.274151 9.21643 0.098135 0 2.27676 0.315081 0.0675627 0 0 3.53142 5.15629 5.74075 0.743768 2.94391 0
143 500.00 839.93 14.778217 69.7239 0.263328 9.13238 0.0897402 0 2.2201 0.307704 0.0516029 0 0 3.51298 5.19597 5.80587 0.738451 2.95796 0
140 500.00 845.50 14.772681 69.7859 0.275915 9.23771 0.107398 0 2.21977 0.32625 0.0844302 0 0 3.4965 5.07098 5.70781 0.754239 2.93312 0
141 500.00 839.70 14.658736 69.8266 0.262766 9.13017 0.0952247 0 2.18207 0.312714 0.0573346 0 0 3.48933 5.15111 5.79571 0.743612 2.95338 0
144 500.00 834.93 14.612981 69.9078 0.252328 9.04927 0.0865916 0 2.12665 0.305497 0.0429058 0 0 3.47254 5.19125 5.85906 0.738615 2.96748 0
141 500.00 840.48 14.600300 69.9784 0.26444 9.14965 0.105747 0 2.12787 0.323782 0.0727111 0 0 3.45357 5.06418 5.76324 0.754112 2.94231 0
142 500.00 834.71 14.495077 70.0103 0.251821 9.0468 0.092145 0 2.09035 0.310508 0.0481649 0 0 3.44914 5.14555 5.84865 0.743821 2.96274 0
145 500.00 829.93 14.454287 70.0849 0.241753 8.96882 0.0832905 0 2.03619 0.303463 0.0351961 0 0 3.43399 5.18618 5.91018 0.739152 2.97691 0
143 500.00 829.72 14.337882 70.1873 0.241297 8.96608 0.0889037 0 2.00154 0.308473 0.0399863 0 0 3.41084 5.13965 5.89954 0.744404 2.97201 0
142 500.00 835.46 14.435158 70.1649 0.253404 9.06433 0.102881 0 2.03816 0.321516 0.0622395 0 0 3.41312 5.05697 5.81665 0.754326 2.95147 0
146 500.00 824.93 14.116278 70.3518 0.230017 8.80066 0.0784119 0 1.96703 0.30667 0.0269052 0 0 3.42103 5.21552 5.87276 0.737148 2.99208 0
143 500.00 830.45 14.276668 70.3446 0.242793 8.98175 0.0998362 0 1.95131 0.319419 0.052799 0 0 3.3746 5.04945 5.868 0.754921 2.96054 0
144 500.00 824.73 14.031162 70.4401 0.229859 8.81169 0.0843398 0 1.93094 0.310941 0.0313726 0 0 3.39429 5.16224 5.87519 0.7429 2.98608 0
147 500.00 819.94 13.609996 70.726 0.217431 8.52572 0.0726163 0 1.91196 0.314627 0.0188916 0 0 3.43099 5.27351 5.76076 0.733956 3.01355 0
144 500.00 825.43 14.117456 70.5213 0.232533 8.89841 0.0965731 0 1.86791 0.317691 0.0442568 0 0 3.33883 5.04283 5.91415 0.755799 2.96975 0
145 500.00 819.74 13.531631 70.8142 0.217358 8.53888 0.0786962 0 1.8768 0.318896 0.0226981 0 0 3.4037 5.21727 5.76455 0.739813 3.00715 0
148 500.00 814.94 13.157273 71.0859 0.205551 8.26374 0.0669061 0 1.85493 0.32225 0.0125992 0 0 3.43892 5.33061 5.65255 0.731412 3.03462 0
146 500.00 814.75 13.084724 71.1739 0.205554 8.27884 0.0730978 0 1.82081 0.326504 0.0157539 0 0 3.41124 5.27148 5.6576 0.737365 3.02782 0
145 500.00 820.41 13.609219 70.9013 0.219918 8.62444 0.091334 0 1.81579 0.325808 0.0337463 0 0 3.34758 5.09299 5.80407 0.752742 2.99031 0
149 500.00 809.94 12.778915 71.4107 0.195104 8.03326 0.0617822 0 1.79456 0.328393 0.00762886 0 0 3.44541 5.38192 5.55802 0.729644 3.05353 0
147 500.00 809.76 12.694986 71.5034 0.194596 8.03744 0.0671229 0 1.77635 0.335064 0.00997896 0 0 3.41223 5.32198 5.55863 0.736096 3.04715 0
146 500.00 815.39 13.155067 71.2666 0.208004 8.36329 0.0860499 0 1.76185 0.333539 0.0250545 0 0 3.35468 5.14252 5.69761 0.750319 3.0105 0
147 500.00 810.38 12.745354 71.6186 0.196726 8.11375 0.0807157 0 1.70685 0.341036 0.0179547 0 0 3.36056 5.19208 5.59293 0.748437 3.03039 0
150 500.00 804.94 12.466872 71.7497 0.186949 7.84647 0.0628095 0 1.62773 0.320383 0.00799022 0 0 3.49141 5.42959 5.48043 0.725233 3.07125 0
148 500.00 805.36 12.375602 71.9599 0.186099 7.87758 0.0754561 0 1.64468 0.347726 0.0127217 0 0 3.36517 5.24109 5.49266 0.74719 3.04971 0
148 500.00 804.78 12.397397 71.8346 0.186876 7.8623 0.0676047 0 1.6106 0.327765 0.00961288 0 0 3.45091 5.36701 5.48688 0.73222 3.06364 0
149 500.00 800.34 12.121714 72.2502 0.179171 7.72009 0.075242 0 1.51442 0.342216 0.0115957 0 0 3.39333 5.27939 5.42589 0.74435 3.06412 0
150 500.00 795.33 11.712475 72.6506 0.166404 7.42809 0.0669242 0 1.4679 0.355145 0.00624586 0 0 3.38764 5.34269 5.29464 0.74474 3.08901 0
151 500.00 790.31 11.430142 72.9468 0.157309 7.21708 0.0611191 0 1.42395 0.363917 0.00341872 0 0 3.38485 5.39063 5.1977 0.745542 3.1077 0
152 500.00 785.29 11.168573 73.2354 0.148683 7.01411 0.0555125 0 1.3766 0.37244 0.00155446 0 0 3.38141 5.43863 5.10257 0.746909 3.12621 0
153 500.00 780.27 10.924879 73.5179 0.140491 6.81868 0.0500588 0 1.32521 0.380748 0.000507657 0 0 3.37684 5.48685 5.0093 0.748891 3.14452 0
154 500.00 775.26 10.695735 73.7976 0.132689 6.63033 0.0446333 0 1.26779 0.388905 8.53709e-05 0 0 3.36983 5.5358 4.91806 0.751596 3.16264 0
155 500.00 770.24 10.407267 74.057 0.125052 6.43905 0.0385071 0 1.19669 0.399685 3.08475e-06 0 0 3.36332 5.61362 4.82919 0.753705 3.18416 0
156 500.00 765.22 9.958386 75.2985 0.128451 6.71569 0.0364262 0 1.44111e-20 0.417701 0 0 0 2.57883 5.8565 5.05 0.80906 3.10884 0