Solid Composition:
index Pressure Temperature mass SiO2 TiO2 Al2O3 Fe2O3 Cr2O3 FeO MnO MgO NiO CoO CaO Na2O K2O P2O5 H2O CO2 
1 500.00 1400.00 1.950057 0 0 0 0 0 0 0 0 0 0 0 0 0 0 100 0
2 500.00 1397.00 3.790845 0 0 0 0 0 0 0 0 0 0 0 0 0 0 100 0
2 500.00 1397.00 2.878918 0 0 0 0 0 0 0 0 0 0 0 0 0 0 100 0
2 500.00 1397.00 1.949331 0 0 0 0 0 0 0 0 0 0 0 0 0 0 100 0
3 500.00 1394.00 2.878199 0 0 0 0 0 0 0 0 0 0 0 0 0 0 100 0
3 500.00 1394.00 3.790141 0 0 0 0 0 0 0 0 0 0 0 0 0 0 100 0
3 500.00 1394.00 1.948601 0 0 0 0 0 0 0 0 0 0 0 0 0 0 100 0
4 500.00 1391.00 2.877476 0 0 0 0 0 0 0 0 0 0 0 0 0 0 100 0
4 500.00 1391.00 3.789434 0 0 0 0 0 0 0 0 0 0 0 0 0 0 100 0
4 500.00 1391.00 1.947867 0 0 0 0 0 0 0 0 0 0 0 0 0 0 100 0
5 500.00 1388.00 2.876750 0 0 0 0 0 0 0 0 0 0 0 0 0 0 100 0
5 500.00 1388.00 3.788722 0 0 0 0 0 0 0 0 0 0 0 0 0 0 100 0
5 500.00 1388.00 1.947130 0 0 0 0 0 0 0 0 0 0 0 0 0 0 100 0
6 500.00 1385.00 2.876020 0 0 0 0 0 0 0 0 0 0 0 0 0 0 100 0
6 500.00 1385.00 3.788007 0 0 0 0 0 0 0 0 0 0 0 0 0 0 100 0
6 500.00 1385.00 1.946389 0 0 0 0 0 0 0 0 0 0 0 0 0 0 100 0
7 500.00 1382.00 2.875286 0 0 0 0 0 0 0 0 0 0 0 0 0 0 100 0
7 500.00 1382.00 3.787288 0 0 0 0 0 0 0 0 0 0 0 0 0 0 100 0
7 500.00 1382.00 1.945644 0 0 0 0 0 0 0 0 0 0 0 0 0 0 100 0
8 500.00 1379.00 2.874549 0 0 0 0 0 0 0 0 0 0 0 0 0 0 100 0
8 500.00 1379.00 3.786566 0 0 0 0 0 0 0 0 0 0 0 0 0 0 100 0
8 500.00 1379.00 1.944895 0 0 0 0 0 0 0 0 0 0 0 0 0 0 100 0
9 500.00 1376.00 2.873807 0 0 0 0 0 0 0 0 0 0 0 0 0 0 100 0
9 500.00 1376.00 3.785840 0 0 0 0 0 0 0 0 0 0 0 0 0 0 100 0
9 500.00 1376.00 1.944142 0 0 0 0 0 0 0 0 0 0 0 0 0 0 100 0
10 500.00 1373.00 2.873062 0 0 0 0 0 0 0 0 0 0 0 0 0 0 100 0
10 500.00 1373.00 1.943385 0 0 0 0 0 0 0 0 0 0 0 0 0 0 100 0
10 500.00 1373.00 3.785110 0 0 0 0 0 0 0 0 0 0 0 0 0 0 100 0
11 500.00 1370.00 2.872312 0 0 0 0 0 0 0 0 0 0 0 0 0 0 100 0
11 500.00 1370.00 1.942624 0 0 0 0 0 0 0 0 0 0 0 0 0 0 100 0
11 500.00 1370.00 3.784376 0 0 0 0 0 0 0 0 0 0 0 0 0 0 100 0
12 500.00 1367.00 2.871559 0 0 0 0 0 0 0 0 0 0 0 0 0 0 100 0
12 500.00 1367.00 1.941860 0 0 0 0 0 0 0 0 0 0 0 0 0 0 100 0
12 500.00 1367.00 3.783638 0 0 0 0 0 0 0 0 0 0 0 0 0 0 100 0
13 500.00 1364.00 2.870802 0 0 0 0 0 0 0 0 0 0 0 0 0 0 100 0
13 500.00 1364.00 3.782896 0 0 0 0 0 0 0 0 0 0 0 0 0 0 100 0
13 500.00 1364.00 1.941091 0 0 0 0 0 0 0 0 0 0 0 0 0 0 100 0
14 500.00 1361.00 2.870041 0 0 0 0 0 0 0 0 0 0 0 0 0 0 100 0
14 500.00 1361.00 1.940318 0 0 0 0 0 0 0 0 0 0 0 0 0 0 100 0
14 500.00 1361.00 3.782151 0 0 0 0 0 0 0 0 0 0 0 0 0 0 100 0
15 500.00 1358.00 2.869276 0 0 0 0 0 0 0 0 0 0 0 0 0 0 100 0
15 500.00 1358.00 1.939541 0 0 0 0 0 0 0 0 0 0 0 0 0 0 100 0
15 500.00 1358.00 3.781401 0 0 0 0 0 0 0 0 0 0 0 0 0 0 100 0
16 500.00 1355.00 2.868507 0 0 0 0 0 0 0 0 0 0 0 0 0 0 100 0
16 500.00 1355.00 3.780648 0 0 0 0 0 0 0 0 0 0 0 0 0 0 100 0
16 500.00 1355.00 1.938760 0 0 0 0 0 0 0 0 0 0 0 0 0 0 100 0
17 500.00 1352.00 2.867733 0 0 0 0 0 0 0 0 0 0 0 0 0 0 100 0
17 500.00 1352.00 3.779891 0 0 0 0 0 0 0 0 0 0 0 0 0 0 100 0
18 500.00 1349.00 2.866956 0 0 0 0 0 0 0 0 0 0 0 0 0 0 100 0
17 500.00 1352.00 1.937975 0 0 0 0 0 0 0 0 0 0 0 0 0 0 100 0
18 500.00 1349.00 3.779129 0 0 0 0 0 0 0 0 0 0 0 0 0 0 100 0
19 500.00 1346.00 2.866174 0 0 0 0 0 0 0 0 0 0 0 0 0 0 100 0
18 500.00 1349.00 1.937186 0 0 0 0 0 0 0 0 0 0 0 0 0 0 100 0
19 500.00 1346.00 3.778364 0 0 0 0 0 0 0 0 0 0 0 0 0 0 100 0
19 500.00 1346.00 1.936392 0 0 0 0 0 0 0 0 0 0 0 0 0 0 100 0
20 500.00 1343.00 2.865389 0 0 0 0 0 0 0 0 0 0 0 0 0 0 100 0
21 500.00 1340.00 2.864599 0 0 0 0 0 0 0 0 0 0 0 0 0 0 100 0
20 500.00 1343.00 3.777594 0 0 0 0 0 0 0 0 0 0 0 0 0 0 100 0
20 500.00 1343.00 1.935594 0 0 0 0 0 0 0 0 0 0 0 0 0 0 100 0
22 500.00 1337.00 2.863805 0 0 0 0 0 0 0 0 0 0 0 0 0 0 100 0
21 500.00 1340.00 3.776821 0 0 0 0 0 0 0 0 0 0 0 0 0 0 100 0
21 500.00 1340.00 1.934792 0 0 0 0 0 0 0 0 0 0 0 0 0 0 100 0
23 500.00 1334.00 2.863006 0 0 0 0 0 0 0 0 0 0 0 0 0 0 100 0
22 500.00 1337.00 1.933986 0 0 0 0 0 0 0 0 0 0 0 0 0 0 100 0
22 500.00 1337.00 3.776043 0 0 0 0 0 0 0 0 0 0 0 0 0 0 100 0
23 500.00 1334.00 1.933175 0 0 0 0 0 0 0 0 0 0 0 0 0 0 100 0
24 500.00 1331.00 2.862204 0 0 0 0 0 0 0 0 0 0 0 0 0 0 100 0
23 500.00 1334.00 3.775261 0 0 0 0 0 0 0 0 0 0 0 0 0 0 100 0
25 500.00 1328.00 2.861397 0 0 0 0 0 0 0 0 0 0 0 0 0 0 100 0
24 500.00 1331.00 1.932360 0 0 0 0 0 0 0 0 0 0 0 0 0 0 100 0
24 500.00 1331.00 3.774475 0 0 0 0 0 0 0 0 0 0 0 0 0 0 100 0
25 500.00 1328.00 1.931541 0 0 0 0 0 0 0 0 0 0 0 0 0 0 100 0
26 500.00 1325.00 2.860585 0 0 0 0 0 0 0 0 0 0 0 0 0 0 100 0
25 500.00 1328.00 3.773684 0 0 0 0 0 0 0 0 0 0 0 0 0 0 100 0
26 500.00 1325.00 1.930717 0 0 0 0 0 0 0 0 0 0 0 0 0 0 100 0
27 500.00 1322.00 2.859770 0 0 0 0 0 0 0 0 0 0 0 0 0 0 100 0
26 500.00 1325.00 3.772890 0 0 0 0 0 0 0 0 0 0 0 0 0 0 100 0
27 500.00 1322.00 1.929889 0 0 0 0 0 0 0 0 0 0 0 0 0 0 100 0
28 500.00 1319.00 2.858950 0 0 0 0 0 0 0 0 0 0 0 0 0 0 100 0
27 500.00 1322.00 3.772091 0 0 0 0 0 0 0 0 0 0 0 0 0 0 100 0
28 500.00 1319.00 1.929056 0 0 0 0 0 0 0 0 0 0 0 0 0 0 100 0
29 500.00 1316.00 2.858125 0 0 0 0 0 0 0 0 0 0 0 0 0 0 100 0
28 500.00 1319.00 3.771288 0 0 0 0 0 0 0 0 0 0 0 0 0 0 100 0
29 500.00 1316.00 1.928219 0 0 0 0 0 0 0 0 0 0 0 0 0 0 100 0
30 500.00 1313.00 2.857296 0 0 0 0 0 0 0 0 0 0 0 0 0 0 100 0
29 500.00 1316.00 3.770480 0 0 0 0 0 0 0 0 0 0 0 0 0 0 100 0
30 500.00 1313.00 1.927378 0 0 0 0 0 0 0 0 0 0 0 0 0 0 100 0
31 500.00 1310.00 2.856463 0 0 0 0 0 0 0 0 0 0 0 0 0 0 100 0
30 500.00 1313.00 3.769668 0 0 0 0 0 0 0 0 0 0 0 0 0 0 100 0
31 500.00 1310.00 1.926531 0 0 0 0 0 0 0 0 0 0 0 0 0 0 100 0
32 500.00 1307.00 2.855625 0 0 0 0 0 0 0 0 0 0 0 0 0 0 100 0
31 500.00 1310.00 3.768852 0 0 0 0 0 0 0 0 0 0 0 0 0 0 100 0
32 500.00 1307.00 1.925680 0 0 0 0 0 0 0 0 0 0 0 0 0 0 100 0
33 500.00 1304.00 2.854782 0 0 0 0 0 0 0 0 0 0 0 0 0 0 100 0
32 500.00 1307.00 3.768031 0 0 0 0 0 0 0 0 0 0 0 0 0 0 100 0
33 500.00 1304.00 1.924825 0 0 0 0 0 0 0 0 0 0 0 0 0 0 100 0
34 500.00 1301.00 2.853935 0 0 0 0 0 0 0 0 0 0 0 0 0 0 100 0
33 500.00 1304.00 3.767206 0 0 0 0 0 0 0 0 0 0 0 0 0 0 100 0
34 500.00 1301.00 1.923965 0 0 0 0 0 0 0 0 0 0 0 0 0 0 100 0
35 500.00 1298.00 2.853083 0 0 0 0 0 0 0 0 0 0 0 0 0 0 100 0
34 500.00 1301.00 3.766376 0 0 0 0 0 0 0 0 0 0 0 0 0 0 100 0
36 500.00 1295.00 2.852226 0 0 0 0 0 0 0 0 0 0 0 0 0 0 100 0
35 500.00 1298.00 1.923100 0 0 0 0 0 0 0 0 0 0 0 0 0 0 100 0
35 500.00 1298.00 3.765541 0 0 0 0 0 0 0 0 0 0 0 0 0 0 100 0
37 500.00 1292.00 2.851365 0 0 0 0 0 0 0 0 0 0 0 0 0 0 100 0
36 500.00 1295.00 1.922230 0 0 0 0 0 0 0 0 0 0 0 0 0 0 100 0
36 500.00 1295.00 3.764703 0 0 0 0 0 0 0 0 0 0 0 0 0 0 100 0
38 500.00 1289.00 2.850499 0 0 0 0 0 0 0 0 0 0 0 0 0 0 100 0
37 500.00 1292.00 1.921355 0 0 0 0 0 0 0 0 0 0 0 0 0 0 100 0
37 500.00 1292.00 3.763859 0 0 0 0 0 0 0 0 0 0 0 0 0 0 100 0
39 500.00 1286.00 2.849628 0 0 0 0 0 0 0 0 0 0 0 0 0 0 100 0
38 500.00 1289.00 1.920476 0 0 0 0 0 0 0 0 0 0 0 0 0 0 100 0
38 500.00 1289.00 3.763011 0 0 0 0 0 0 0 0 0 0 0 0 0 0 100 0
40 500.00 1283.00 2.848753 0 0 0 0 0 0 0 0 0 0 0 0 0 0 100 0
39 500.00 1286.00 1.919592 0 0 0 0 0 0 0 0 0 0 0 0 0 0 100 0
39 500.00 1286.00 3.762158 0 0 0 0 0 0 0 0 0 0 0 0 0 0 100 0
41 500.00 1280.00 2.847872 0 0 0 0 0 0 0 0 0 0 0 0 0 0 100 0
40 500.00 1283.00 1.918703 0 0 0 0 0 0 0 0 0 0 0 0 0 0 100 0
40 500.00 1283.00 3.761301 0 0 0 0 0 0 0 0 0 0 0 0 0 0 100 0
42 500.00 1277.00 2.846987 0 0 0 0 0 0 0 0 0 0 0 0 0 0 100 0
41 500.00 1280.00 1.917809 0 0 0 0 0 0 0 0 0 0 0 0 0 0 100 0
41 500.00 1280.00 3.760438 0 0 0 0 0 0 0 0 0 0 0 0 0 0 100 0
43 500.00 1274.00 2.846097 0 0 0 0 0 0 0 0 0 0 0 0 0 0 100 0
42 500.00 1277.00 1.916910 0 0 0 0 0 0 0 0 0 0 0 0 0 0 100 0
42 500.00 1277.00 3.759571 0 0 0 0 0 0 0 0 0 0 0 0 0 0 100 0
44 500.00 1271.00 2.845202 0 0 0 0 0 0 0 0 0 0 0 0 0 0 100 0
43 500.00 1274.00 1.916006 0 0 0 0 0 0 0 0 0 0 0 0 0 0 100 0
43 500.00 1274.00 3.758699 0 0 0 0 0 0 0 0 0 0 0 0 0 0 100 0
45 500.00 1268.00 2.844302 0 0 0 0 0 0 0 0 0 0 0 0 0 0 100 0
44 500.00 1271.00 1.915097 0 0 0 0 0 0 0 0 0 0 0 0 0 0 100 0
44 500.00 1271.00 3.757823 0 0 0 0 0 0 0 0 0 0 0 0 0 0 100 0
46 500.00 1265.00 2.843396 0 0 0 0 0 0 0 0 0 0 0 0 0 0 100 0
45 500.00 1268.00 1.914183 0 0 0 0 0 0 0 0 0 0 0 0 0 0 100 0
45 500.00 1268.00 3.756941 0 0 0 0 0 0 0 0 0 0 0 0 0 0 100 0
47 500.00 1262.00 2.842486 0 0 0 0 0 0 0 0 0 0 0 0 0 0 100 0
46 500.00 1265.00 1.913264 0 0 0 0 0 0 0 0 0 0 0 0 0 0 100 0
46 500.00 1265.00 3.756055 0 0 0 0 0 0 0 0 0 0 0 0 0 0 100 0
48 500.00 1259.00 2.841571 0 0 0 0 0 0 0 0 0 0 0 0 0 0 100 0
47 500.00 1262.00 1.912340 0 0 0 0 0 0 0 0 0 0 0 0 0 0 100 0
47 500.00 1262.00 3.755163 0 0 0 0 0 0 0 0 0 0 0 0 0 0 100 0
49 500.00 1256.00 3.150093 3.95228 0 0 0 0 0.961012 0.0199977 4.72506 0 0 0.0373272 0 0 0 90.3043 0
48 500.00 1259.00 3.754267 0 0 0 0 0 0 0 0 0 0 0 0 0 0 100 0
48 500.00 1259.00 1.990869 1.60549 0 0 0 0 0.392109 0.00806176 1.91849 0 0 0.0151272 0 0 0 96.0607 0
50 500.00 1259.00 2.841571 0 0 0 0 0 0 0 0 0 0 0 0 0 0 100 0
49 500.00 1256.00 3.846309 0.973304 0 0 0 0 0.230661 0.00491801 1.16703 0 0 0.00913017 0 0 0 97.615 0
49 500.00 1262.00 1.912340 0 0 0 0 0 0 0 0 0 0 0 0 0 0 100 0
50 500.00 1261.00 1.912031 0 0 0 0 0 0 0 0 0 0 0 0 0 0 100 0
51 500.00 1258.00 2.925354 1.15681 0 0 0 0 0.279733 0.005821 1.38391 0 0 0.0108838 0 0 0 97.1628 0
50 500.00 1259.00 3.754267 0 0 0 0 0 0 0 0 0 0 0 0 0 0 100 0
51 500.00 1260.00 1.911721 0 0 0 0 0 0 0 0 0 0 0 0 0 0 100 0
51 500.00 1258.00 3.753967 0 0 0 0 0 0 0 0 0 0 0 0 0 0 100 0
52 500.00 1259.00 2.841571 0 0 0 0 0 0 0 0 0 0 0 0 0 0 100 0
52 500.00 1257.00 3.753666 0 0 0 0 0 0 0 0 0 0 0 0 0 0 100 0
52 500.00 1259.00 1.990869 1.60549 0 0 0 0 0.392109 0.00806176 1.91849 0 0 0.0151272 0 0 0 96.0607 0
53 500.00 1258.90 2.841540 0 0 0 0 0 0 0 0 0 0 0 0 0 0 100 0
53 500.00 1256.00 3.846309 0.973304 0 0 0 0 0.230661 0.00491801 1.16703 0 0 0.00913017 0 0 0 97.615 0
53 500.00 1260.00 1.911721 0 0 0 0 0 0 0 0 0 0 0 0 0 0 100 0
54 500.00 1258.80 2.841510 0 0 0 0 0 0 0 0 0 0 0 0 0 0 100 0
54 500.00 1259.90 1.911690 0 0 0 0 0 0 0 0 0 0 0 0 0 0 100 0
54 500.00 1257.00 3.753666 0 0 0 0 0 0 0 0 0 0 0 0 0 0 100 0
55 500.00 1258.70 2.846324 0.068508 0 0 0 0 0.0165342 0.000344063 0.0819765 0 0 0.000643692 0 0 0 99.832 0
55 500.00 1259.80 1.911659 0 0 0 0 0 0 0 0 0 0 0 0 0 0 100 0
55 500.00 1256.90 3.753636 0 0 0 0 0 0 0 0 0 0 0 0 0 0 100 0
56 500.00 1258.80 2.841510 0 0 0 0 0 0 0 0 0 0 0 0 0 0 100 0
56 500.00 1259.70 1.911628 0 0 0 0 0 0 0 0 0 0 0 0 0 0 100 0
56 500.00 1256.80 3.757735 0.044265 0 0 0 0 0.0104673 0.000223175 0.053089 0 0 0.000414608 0 0 0 99.8915 0
57 500.00 1258.80 2.841510 0 0 0 0 0 0 0 0 0 0 0 0 0 0 100 0
57 500.00 1259.60 1.922138 0.220614 0 0 0 0 0.0537909 0.00110595 0.263678 0 0 0.00207626 0 0 0 99.4587 0
57 500.00 1256.90 3.753636 0 0 0 0 0 0 0 0 0 0 0 0 0 0 100 0
58 500.00 1259.70 1.911628 0 0 0 0 0 0 0 0 0 0 0 0 0 0 100 0
59 500.00 1259.70 1.911628 0 0 0 0 0 0 0 0 0 0 0 0 0 0 100 0
58 500.00 1256.90 3.753636 0 0 0 0 0 0 0 0 0 0 0 0 0 0 100 0
58 500.00 1253.81 0.552986 40.3214 0 0 0 0 9.86365 0.205248 48.1702 0 0 0.382404 0 0 0 1.05715 0
60 500.00 1254.70 0.567519 40.3023 0 0 0 0 9.96106 0.204787 48.0898 0 0 0.382888 0 0 0 1.05917 0
59 500.00 1251.88 0.544780 40.3573 0 0 0 0 9.67227 0.206234 48.3258 0 0 0.381504 0 0 0 1.05688 0
59 500.00 1248.82 0.549853 40.2992 0 0 0 0 9.99497 0.207968 48.0628 0 0 0.385816 0 0 0 1.04919 0
61 500.00 1249.71 0.558644 40.2807 0 0 0 0 10.0948 0.207516 47.9818 0 0 0.386348 0 0 0 1.04884 0
60 500.00 1246.87 0.542237 40.3357 0 0 0 0 9.80052 0.208971 48.2209 0 0 0.384866 0 0 0 1.04906 0
60 500.00 1243.83 0.539010 40.2768 0 0 0 0 10.1281 0.210718 47.9541 0 0 0.389223 0 0 0 1.04103 0
62 500.00 1244.71 0.547612 40.2579 0 0 0 0 10.23 0.210269 47.8713 0 0 0.389796 0 0 0 1.04069 0
61 500.00 1241.85 0.531486 40.3139 0 0 0 0 9.93051 0.211739 48.1148 0 0 0.388223 0 0 0 1.04082 0
61 500.00 1238.84 0.528437 40.2542 0 0 0 0 10.263 0.213498 47.844 0 0 0.392626 0 0 0 1.03271 0
63 500.00 1239.71 0.536854 40.2348 0 0 0 0 10.3672 0.213052 47.7594 0 0 0.39324 0 0 0 1.03237 0
62 500.00 1236.83 0.521002 40.2919 0 0 0 0 10.0623 0.214537 48.0073 0 0 0.391573 0 0 0 1.03241 0
62 500.00 1233.85 0.518125 40.2313 0 0 0 0 10.3997 0.216308 47.7325 0 0 0.396024 0 0 0 1.02422 0
64 500.00 1234.71 0.526363 40.2114 0 0 0 0 10.5062 0.215867 47.646 0 0 0.396681 0 0 0 1.02387 0
63 500.00 1231.81 0.510777 40.2696 0 0 0 0 10.1958 0.217366 47.8985 0 0 0.394917 0 0 0 1.02382 0
63 500.00 1228.86 0.508066 40.208 0 0 0 0 10.5383 0.21915 47.6195 0 0 0.399417 0 0 0 1.01554 0
65 500.00 1229.72 0.516131 40.1878 0 0 0 0 10.6471 0.218713 47.5311 0 0 0.400117 0 0 0 1.0152 0
64 500.00 1226.80 0.500804 40.247 0 0 0 0 10.3312 0.220226 47.7883 0 0 0.398253 0 0 0 1.01504 0
64 500.00 1223.88 0.498252 40.1845 0 0 0 0 10.6789 0.222024 47.5051 0 0 0.402806 0 0 0 1.00667 0
66 500.00 1224.72 0.506148 40.1638 0 0 0 0 10.7901 0.221592 47.4146 0 0 0.403551 0 0 0 1.00633 0
65 500.00 1221.78 0.491074 40.2242 0 0 0 0 10.4685 0.223119 47.6766 0 0 0.401584 0 0 0 1.00607 0
65 500.00 1218.89 0.488676 40.1607 0 0 0 0 10.8215 0.224932 47.3891 0 0 0.406191 0 0 0 0.997619 0
67 500.00 1219.72 0.496409 40.1396 0 0 0 0 10.935 0.224504 47.2967 0 0 0.40698 0 0 0 0.997281 0
66 500.00 1216.76 0.481580 40.2011 0 0 0 0 10.6077 0.226046 47.5634 0 0 0.404907 0 0 0 0.996905 0
66 500.00 1213.90 0.479331 40.1366 0 0 0 0 10.966 0.227873 47.2715 0 0 0.409571 0 0 0 0.988367 0
68 500.00 1214.72 0.486905 40.115 0 0 0 0 11.082 0.22745 47.1771 0 0 0.410407 0 0 0 0.988032 0
67 500.00 1211.75 0.472316 40.1776 0 0 0 0 10.7488 0.229007 47.4487 0 0 0.408225 0 0 0 0.987538 0
67 500.00 1208.91 0.470211 40.1122 0 0 0 0 11.1127 0.230848 47.1524 0 0 0.412947 0 0 0 0.978913 0
69 500.00 1209.73 0.477631 40.0901 0 0 0 0 11.2312 0.23043 47.0559 0 0 0.41383 0 0 0 0.97858 0
68 500.00 1206.73 0.463274 40.1539 0 0 0 0 10.892 0.232002 47.3325 0 0 0.411535 0 0 0 0.977963 0
68 500.00 1203.92 0.461309 40.0875 0 0 0 0 11.2615 0.233859 47.0316 0 0 0.416318 0 0 0 0.969251 0
70 500.00 1204.73 0.468579 40.0649 0 0 0 0 11.3825 0.233446 46.933 0 0 0.41725 0 0 0 0.968922 0
69 500.00 1201.71 0.454449 40.1299 0 0 0 0 11.0373 0.235033 47.2147 0 0 0.414839 0 0 0 0.968174 0
69 500.00 1198.93 0.452617 40.0624 0 0 0 0 11.4124 0.236907 46.9092 0 0 0.419683 0 0 0 0.959374 0
71 500.00 1199.73 0.459743 40.0393 0 0 0 0 11.5361 0.236499 46.8084 0 0 0.420666 0 0 0 0.959049 0
70 500.00 1196.69 0.445832 40.1056 0 0 0 0 11.1847 0.238101 47.0953 0 0 0.418133 0 0 0 0.958165 0
70 500.00 1193.94 0.444132 40.037 0 0 0 0 11.5656 0.239991 46.785 0 0 0.423043 0 0 0 0.949277 0
72 500.00 1194.73 0.451116 40.0135 0 0 0 0 11.6919 0.239589 46.682 0 0 0.424076 0 0 0 0.948957 0
71 500.00 1191.68 0.437421 40.081 0 0 0 0 11.3343 0.241206 46.9742 0 0 0.42142 0 0 0 0.94793 0
71 500.00 1188.95 0.435846 40.0113 0 0 0 0 11.7211 0.243113 46.6591 0 0 0.426396 0 0 0 0.938955 0
73 500.00 1189.74 0.442693 39.9872 0 0 0 0 11.8501 0.242717 46.5539 0 0 0.427482 0 0 0 0.938641 0
72 500.00 1186.66 0.429208 40.056 0 0 0 0 11.4861 0.244349 46.8514 0 0 0.424697 0 0 0 0.937463 0
72 500.00 1183.96 0.427756 39.9853 0 0 0 0 11.8789 0.246274 46.5314 0 0 0.429744 0 0 0 0.928401 0
74 500.00 1184.74 0.434470 39.9606 0 0 0 0 12.0107 0.245884 46.4239 0 0 0.430884 0 0 0 0.928093 0
73 500.00 1181.64 0.421188 40.0307 0 0 0 0 11.6401 0.247532 46.7269 0 0 0.427967 0 0 0 0.926758 0
73 500.00 1178.97 0.419856 39.9588 0 0 0 0 12.0391 0.249475 46.4018 0 0 0.433086 0 0 0 0.917609 0
75 500.00 1179.74 0.426440 39.9337 0 0 0 0 12.1737 0.249092 46.292 0 0 0.434281 0 0 0 0.917309 0
74 500.00 1176.63 0.413357 40.0051 0 0 0 0 11.7966 0.250754 46.6006 0 0 0.431228 0 0 0 0.915808 0
74 500.00 1173.98 0.412140 39.932 0 0 0 0 12.2018 0.252717 46.2704 0 0 0.436423 0 0 0 0.906573 0
76 500.00 1174.75 0.418599 39.9063 0 0 0 0 12.3393 0.25234 46.1581 0 0 0.437674 0 0 0 0.906281 0
75 500.00 1171.61 0.405709 39.9791 0 0 0 0 11.9554 0.254018 46.4724 0 0 0.434482 0 0 0 0.904607 0
75 500.00 1168.99 0.404604 39.9049 0 0 0 0 12.3671 0.256001 46.137 0 0 0.439755 0 0 0 0.895287 0
77 500.00 1169.75 0.410942 39.8786 0 0 0 0 12.5074 0.255631 46.0223 0 0 0.441065 0 0 0 0.895004 0
76 500.00 1166.59 0.398239 39.9527 0 0 0 0 12.1167 0.257325 46.3424 0 0 0.437729 0 0 0 0.893149 0
76 500.00 1164.00 0.397243 39.8773 0 0 0 0 12.5349 0.259328 46.0016 0 0 0.443084 0 0 0 0.883745 0
78 500.00 1164.75 0.403463 39.8505 0 0 0 0 12.6782 0.258965 45.8844 0 0 0.444452 0 0 0 0.883471 0
77 500.00 1161.57 0.390943 39.926 0 0 0 0 12.2805 0.260674 46.2104 0 0 0.440968 0 0 0 0.881426 0
77 500.00 1159.01 0.390054 39.8494 0 0 0 0 12.7054 0.262698 45.8642 0 0 0.446408 0 0 0 0.871939 0
79 500.00 1159.75 0.396158 39.822 0 0 0 0 12.8518 0.262343 45.7444 0 0 0.447837 0 0 0 0.871677 0
78 500.00 1154.03 0.383031 39.821 0 0 0 0 12.8786 0.266114 45.7247 0 0 0.449729 0 0 0 0.859864 0
78 500.00 1156.56 0.383816 39.8989 0 0 0 0 12.4469 0.264068 46.0765 0 0 0.444201 0 0 0 0.869431 0
80 500.00 1154.76 0.389024 39.793 0 0 0 0 13.0281 0.265766 45.6023 0 0 0.45122 0 0 0 0.859614 0
79 500.00 1149.04 0.376170 39.7923 0 0 0 0 13.0546 0.269576 45.583 0 0 0.453047 0 0 0 0.847513 0
79 500.00 1151.54 0.376855 39.8714 0 0 0 0 12.616 0.267507 45.9405 0 0 0.447428 0 0 0 0.857159 0
81 500.00 1149.76 0.382055 39.7636 0 0 0 0 13.2073 0.269236 45.458 0 0 0.454602 0 0 0 0.847277 0
80 500.00 1144.05 0.369468 39.7631 0 0 0 0 13.2335 0.273085 45.4391 0 0 0.456364 0 0 0 0.83488 0
80 500.00 1146.52 0.370054 39.8436 0 0 0 0 12.7878 0.270993 45.8024 0 0 0.450649 0 0 0 0.844602 0
82 500.00 1144.76 0.375249 39.7338 0 0 0 0 13.3895 0.272754 45.3113 0 0 0.457984 0 0 0 0.834658 0
81 500.00 1139.06 0.362921 39.7335 0 0 0 0 13.4153 0.276643 45.2929 0 0 0.459678 0 0 0 0.821958 0
81 500.00 1141.51 0.363411 39.8153 0 0 0 0 12.9624 0.274527 45.6621 0 0 0.453864 0 0 0 0.831754 0
83 500.00 1139.76 0.368600 39.7035 0 0 0 0 13.5746 0.276321 45.1624 0 0 0.461365 0 0 0 0.821752 0
82 500.00 1134.07 0.356524 39.7034 0 0 0 0 13.6002 0.280251 45.1444 0 0 0.462993 0 0 0 0.80874 0
82 500.00 1136.49 0.356921 39.7866 0 0 0 0 13.1399 0.27811 45.5197 0 0 0.457075 0 0 0 0.818607 0
84 500.00 1134.77 0.362105 39.6728 0 0 0 0 13.7629 0.279937 45.011 0 0 0.464748 0 0 0 0.808552 0
83 500.00 1129.08 0.350276 39.6728 0 0 0 0 13.7882 0.28391 44.9935 0 0 0.466307 0 0 0 0.795221 0
83 500.00 1131.47 0.350580 39.7574 0 0 0 0 13.3204 0.281744 45.375 0 0 0.460283 0 0 0 0.805155 0
85 500.00 1129.77 0.355761 39.6416 0 0 0 0 13.9544 0.283606 44.8572 0 0 0.468133 0 0 0 0.795052 0
84 500.00 1124.09 2.691357 47.6947 0.520157 5.00068 3.18204 0 4.55548 0.0216912 16.7402 0 0 20.2003 0.139819 0 0 1.94494 0
84 500.00 1126.45 1.838558 47.0973 0.46948 4.60894 3.09163 0 5.06146 0.0408209 18.8558 0 0 18.7837 0.129451 0 0 1.86146 0
86 500.00 1124.77 2.028006 47.3788 0.486507 4.70192 2.92941 0 5.05792 0.0349283 18.1494 0 0 19.2406 0.130812 0 0 1.88974 0
85 500.00 1119.10 3.087862 47.6984 0.577361 5.32697 3.33241 0 4.45346 0.0151068 15.8029 0 0 20.672 0.149978 0 0 1.97137 0
85 500.00 1121.44 3.191505 47.6548 0.561111 5.28305 3.48561 0 4.31789 0.0154621 15.9258 0 0 20.6394 0.149484 0 0 1.96742 0
87 500.00 1119.78 3.166638 47.8062 0.56954 5.28029 3.23203 0 4.45595 0.0144386 15.796 0 0 20.7226 0.14788 0 0 1.97502 0
86 500.00 1114.11 2.835821 47.4691 0.621371 5.5104 3.39171 0 4.63096 0.0164538 15.655 0 0 20.5818 0.156264 0 0 1.96699 0
86 500.00 1116.42 2.924540 47.4234 0.604435 5.46669 3.55051 0 4.49179 0.0168413 15.78 0 0 20.5474 0.155868 0 0 1.96299 0
88 500.00 1114.78 2.907179 47.5777 0.613509 5.46471 3.28898 0 4.63425 0.0157412 15.6472 0 0 20.6332 0.154106 0 0 1.97059 0
87 500.00 1111.40 2.687582 47.1903 0.649281 5.64935 3.61483 0 4.67023 0.0183152 15.6319 0 0 20.4547 0.162358 0 0 1.95867 0
87 500.00 1109.12 2.611408 47.2377 0.666924 5.69295 3.45043 0 4.81325 0.0178986 15.5049 0 0 20.4905 0.162651 0 0 1.96269 0
89 500.00 1109.78 2.676300 47.347 0.659065 5.64834 3.34532 0 4.81743 0.0171402 15.4963 0 0 20.5427 0.160431 0 0 1.96626 0
88 500.00 1104.13 2.410753 47.0042 0.713965 5.87445 3.50859 0 5.00065 0.0194528 15.353 0 0 20.3981 0.169142 0 0 1.95846 0
88 500.00 1106.39 2.812235 42.8488 0.93624 6.28556 7.65134 0 6.59593 0.0251285 15.5643 0 0 18.2134 0.149769 0 0 1.72959 0
90 500.00 1104.78 2.469972 47.114 0.706155 5.83102 3.40108 0 5.00578 0.0186471 15.3435 0 0 20.4509 0.166858 0 0 1.96199 0
89 500.00 1099.14 2.509840 42.8423 1.01601 6.53207 7.25453 0 6.9369 0.0262714 15.2345 0 0 18.2606 0.15672 0 0 1.74009 0
91 500.00 1099.79 2.284863 46.8787 0.754717 6.01256 3.4563 0 5.19965 0.0202755 15.189 0 0 20.3576 0.173386 0 0 1.95775 0
89 500.00 1101.37 2.617289 42.1329 1.02279 6.52935 8.12817 0 7.07501 0.0266131 15.3489 0 0 17.881 0.152035 0 0 1.70331 0
90 500.00 1094.15 4.032484 42.6814 0.67256 15.5919 4.81369 0 5.96711 0.0526815 11.9066 0 0 15.8379 0.650271 0.0213525 0 1.80459 0
92 500.00 1094.79 3.830976 42.8962 0.700952 14.6421 4.82458 0 6.00679 0.0492079 12.2509 0 0 16.2116 0.592305 0.0189185 0 1.80631 0
90 500.00 1096.35 3.005742 42.4961 0.851508 11.0893 6.34949 0 6.48755 0.0387829 13.5694 0 0 16.9443 0.397642 0.0102741 0 1.76568 0
91 500.00 1089.16 4.180186 42.7147 0.629265 17.4749 4.25675 0 5.98897 0.0639538 11.0325 0 0 15.1796 0.808249 0.0281714 0 1.82293 0
93 500.00 1089.79 4.337556 42.6676 0.636412 17.422 4.27069 0 6.02192 0.0630058 11.0764 0 0 15.2047 0.792535 0.0276811 0 1.81713 0
91 500.00 1091.34 4.330464 42.8887 0.580837 17.5426 4.16449 0 5.67213 0.0612026 11.1103 0 0 15.3185 0.798491 0.0273913 0 1.83533 0
92 500.00 1084.18 3.689752 42.6084 0.68576 17.5402 4.32407 0 6.35882 0.0710454 10.7819 0 0 14.9066 0.870542 0.030843 0 1.82185 0
94 500.00 1084.79 3.825670 42.5495 0.695025 17.4796 4.34616 0 6.40458 0.0700869 10.8276 0 0 14.9286 0.853296 0.0303027 0 1.81527 0
92 500.00 1086.32 3.804597 42.7797 0.634109 17.6049 4.24775 0 6.02868 0.068017 10.8665 0 0 15.0453 0.860635 0.0300231 0 1.8343 0
93 500.00 1079.19 3.279477 42.5373 0.741643 17.6313 4.34785 0 6.71677 0.0787053 10.5142 0 0 14.6372 0.938529 0.0337705 0 1.82276 0
95 500.00 1079.80 3.397777 42.468 0.753016 17.5645 4.37557 0 6.77508 0.0777441 10.5606 0 0 14.6571 0.919707 0.0331766 0 1.81555 0
93 500.00 1081.30 3.367737 42.7052 0.687154 17.6927 4.28798 0 6.37357 0.0753564 10.6055 0 0 14.7761 0.928388 0.0329008 0 1.83519 0
94 500.00 1074.20 2.933060 42.4996 0.79622 17.7449 4.33298 0 7.06282 0.0869929 10.2322 0 0 14.3692 1.01259 0.0369857 0 1.82543 0
96 500.00 1074.80 3.036641 42.4215 0.809617 17.6733 4.36406 0 7.13332 0.0860384 10.2783 0 0 14.3877 0.992162 0.0363352 0 1.81773 0
94 500.00 1076.28 3.001202 42.6634 0.739399 17.803 4.28996 0 6.70681 0.0832754 10.33 0 0 14.5082 1.00215 0.0360564 0 1.83775 0
95 500.00 1069.21 2.638271 42.4939 0.848801 17.8775 4.28427 0 7.39732 0.0959708 9.93857 0 0 14.1005 1.09302 0.0405202 0 1.82965 0
97 500.00 1069.80 2.729388 42.4081 0.864063 17.8023 4.31669 0 7.47959 0.0950348 9.98354 0 0 14.1183 1.07098 0.0398104 0 1.8216 0
95 500.00 1071.27 2.691076 42.6528 0.790259 17.9323 4.25822 0 7.02868 0.0918324 10.0427 0 0 14.2397 1.08225 0.0395219 0 1.84178 0
96 500.00 1064.22 2.385745 42.5186 0.898733 18.0249 4.20638 0 7.72089 0.105704 9.63574 0 0 13.8294 1.18004 0.044405 0 1.83521 0
98 500.00 1064.80 2.466205 42.4262 0.915634 17.9476 4.23847 0 7.8145 0.104801 9.6789 0 0 13.847 1.15637 0.0436335 0 1.82693 0
96 500.00 1066.25 2.426785 42.672 0.839165 18.077 4.19709 0 7.33967 0.101088 9.74585 0 0 13.9688 1.16895 0.0433289 0 1.8471 0
97 500.00 1059.23 2.168174 42.5721 0.945419 18.1831 4.1038 0 8.03436 0.116256 9.32584 0 0 13.5547 1.27376 0.0486702 0 1.84196 0
99 500.00 1059.81 2.239462 42.4741 0.963672 18.1048 4.13422 0 8.13893 0.115402 9.36664 0 0 13.5724 1.24848 0.0478346 0 1.83354 0
97 500.00 1061.23 2.200137 42.7197 0.885579 18.2331 4.11073 0 7.64049 0.111102 9.4416 0 0 13.6942 1.2624 0.0475086 0 1.85352 0
98 500.00 1054.24 1.979750 42.6531 0.988324 18.3479 3.98079 0 8.33868 0.127686 9.01078 0 0 13.2756 1.37416 0.0533448 0 1.84973 0
100 500.00 1054.81 2.043110 42.5503 1.0076 18.2694 4.00851 0 8.45387 0.126903 9.04877 0 0 13.2936 1.34729 0.0524428 0 1.84126 0
98 500.00 1056.22 2.004678 42.7948 0.929004 18.3967 4.00307 0 7.93195 0.121933 9.13183 0 0 13.4151 1.36263 0.0520912 0 1.86092 0
99 500.00 1049.25 1.815785 42.7601 1.02699 18.515 3.84132 0 8.63482 0.140046 8.69223 0 0 12.9916 1.48111 0.0584562 0 1.85839 0
101 500.00 1049.81 1.872272 42.6532 1.04693 18.4372 3.86565 0 8.76038 0.139357 8.72707 0 0 13.0101 1.45269 0.0574856 0 1.84994 0
99 500.00 1051.20 1.835238 42.896 0.968999 18.5636 3.87779 0 8.21491 0.133635 8.81822 0 0 13.131 1.46957 0.0571058 0 1.86917 0
100 500.00 1044.26 1.672436 42.8916 1.06105 18.6804 3.6891 0 8.92371 0.153375 8.37167 0 0 12.7029 1.59433 0.0640294 0 1.86783 0
102 500.00 1044.82 1.722958 42.7811 1.08128 18.6039 3.70962 0 9.05946 0.152806 8.40307 0 0 12.7219 1.56442 0.0629882 0 1.85946 0
100 500.00 1046.18 1.687620 43.0221 1.00518 18.7299 3.73837 0 8.49024 0.146248 8.50229 0 0 12.8419 1.58299 0.0625793 0 1.87817 0
101 500.00 1039.27 1.546521 43.0462 1.09023 18.8401 3.52758 0 9.20613 0.167692 8.05044 0 0 12.4101 1.71341 0.0700869 0 1.87797 0
103 500.00 1039.82 1.591856 42.9325 1.11037 18.7654 3.54408 0 9.35196 0.167269 8.07817 0 0 12.4295 1.68207 0.0689731 0 1.86971 0
101 500.00 1041.16 1.558374 43.1717 1.03722 18.8919 3.58805 0 8.75871 0.159802 8.18541 0 0 12.5484 1.70251 0.0685363 0 1.88784 0
102 500.00 1034.28 1.435374 43.2223 1.11435 18.9906 3.3599 0 9.48264 0.18299 7.72977 0 0 12.1142 1.83778 0.0766477 0 1.88873 0
104 500.00 1034.82 1.476194 43.1057 1.13403 18.918 3.37239 0 9.63847 0.182741 7.75359 0 0 12.134 1.80509 0.0754593 0 1.88062 0
102 500.00 1036.15 1.444636 43.3434 1.06489 19.0458 3.42982 0 9.02098 0.174306 7.86882 0 0 12.2512 1.82762 0.074998 0 1.89811 0
103 500.00 1029.29 1.336746 43.4183 1.13334 19.1287 3.18895 0 9.75349 0.199234 7.41079 0 0 11.8167 1.96674 0.0837272 0 1.90004 0
105 500.00 1029.82 1.373626 43.299 1.15222 19.0584 3.19758 0 9.91924 0.199184 7.43053 0 0 11.8365 1.93279 0.0824626 0 1.8921 0
103 500.00 1031.13 1.344009 43.5357 1.08803 19.1885 3.2665 0 9.27749 0.189743 7.55372 0 0 11.9517 1.95766 0.0819821 0 1.90893 0
104 500.00 1024.30 1.248727 43.6324 1.14726 19.2516 3.01734 0 10.0185 0.216352 7.09463 0 0 11.5192 2.09949 0.0913367 0 1.91184 0
106 500.00 1024.83 1.282159 43.5107 1.16505 19.1836 3.0224 0 10.1941 0.216519 7.11009 0 0 11.539 2.06439 0.0899944 0 1.9041 0
104 500.00 1026.11 1.254472 43.7469 1.10658 19.3172 3.10066 0 9.52838 0.206069 7.24121 0 0 11.6515 2.09183 0.0895023 0 1.92025 0
105 500.00 1019.31 1.169690 43.8628 1.15628 19.3572 2.8474 0 10.2772 0.234232 6.78235 0 0 11.2237 2.23513 0.0994841 0 1.92409 0
107 500.00 1019.83 1.200091 43.7391 1.17273 19.2915 2.84924 0 10.4623 0.234628 6.7934 0 0 11.2435 2.19899 0.0980628 0 1.91654 0
105 500.00 1021.10 1.174315 43.9752 1.12056 19.4293 2.93464 0 9.7735 0.223204 6.93236 0 0 11.3524 2.22924 0.0975684 0 1.93201 0
106 500.00 1014.32 1.098270 44.1078 1.16069 19.4441 2.68111 0 10.5285 0.252727 6.47498 0 0 10.9324 2.37275 0.108175 0 1.93671 0
108 500.00 1014.83 1.125984 43.9822 1.17559 19.3806 2.68018 0 10.7227 0.253353 6.48153 0 0 10.9521 2.33569 0.106673 0 1.92938 0
106 500.00 1016.08 1.102094 44.2187 1.13013 19.5233 2.77054 0 10.0123 0.241037 6.6282 0 0 11.0565 2.36896 0.106187 0 1.94416 0
107 500.00 1009.34 1.033317 44.3657 1.16086 19.5116 2.52015 0 10.7708 0.271653 6.1735 0 0 10.6472 2.51147 0.117415 0 1.94966 0
109 500.00 1009.83 1.058642 44.2385 1.17409 19.4501 2.51688 0 10.9736 0.272499 6.1755 0 0 10.6669 2.47362 0.115832 0 1.94255 0
107 500.00 1011.06 1.036623 44.4757 1.13549 19.5982 2.61012 0 10.2437 0.259422 6.32959 0 0 10.7656 2.51008 0.115364 0 1.95665 0
108 500.00 1004.35 0.973802 44.6345 1.1573 19.5591 2.36596 0 11.0025 0.290794 5.8791 0 0 10.3704 2.65036 0.127202 0 1.96286 0
110 500.00 1004.84 0.996982 44.5061 1.16878 19.4996 2.36081 0 11.2131 0.291837 5.87656 0 0 10.39 2.61183 0.125538 0 1.95597 0
108 500.00 1006.04 0.976833 44.7442 1.13701 19.6533 2.45499 0 10.4666 0.278178 6.03762 0 0 10.482 2.65164 0.1251 0 1.96942 0
109 500.00 999.36 0.918899 44.9125 1.15057 19.587 2.21961 0 11.2216 0.309919 5.59282 0 0 10.1036 2.78859 0.137539 0 1.97623 0
111 500.00 999.84 0.940137 44.7832 1.16028 19.5294 2.213 0 11.439 0.311125 5.58584 0 0 10.1233 2.74951 0.135793 0 1.96957 0
109 500.00 1001.03 0.921843 45.0223 1.13512 19.6885 2.30643 0 10.6793 0.297099 5.75327 0 0 10.2074 2.79271 0.135395 0 1.98241 0
110 500.00 994.37 0.867932 45.1981 1.14126 19.5964 2.08182 0 11.4261 0.328795 5.31564 0 0 9.84835 2.92542 0.148427 0 1.9897 0
112 500.00 994.84 0.887401 45.0683 1.14924 19.5405 2.07417 0 11.6492 0.33012 5.30439 0 0 9.86826 2.88593 0.146599 0 1.98326 0
110 500.00 996.01 0.870939 45.3083 1.13031 19.7044 2.16541 0 10.8802 0.315969 5.47744 0 0 9.94363 2.93252 0.14625 0 1.99553 0
111 500.00 989.38 0.820359 45.4897 1.12998 19.5884 1.95303 0 11.6142 0.347197 5.04844 0 0 9.6057 3.06026 0.15987 0 2.00316 0
113 500.00 989.84 0.838206 45.3598 1.13629 19.5342 1.9447 0 11.8419 0.348592 5.03314 0 0 9.62597 3.02047 0.157962 0 1.99694 0
111 500.00 990.99 0.823534 45.6005 1.1231 19.7022 2.03258 0 11.0675 0.334568 5.21095 0 0 9.6918 3.07036 0.157667 0 2.00871 0
112 500.00 984.39 0.775752 45.7858 1.1173 19.5649 1.83341 0 11.7844 0.364925 4.79197 0 0 9.37629 3.1926 0.171875 0 2.01654 0
114 500.00 984.85 0.792106 45.6561 1.12206 19.5124 1.8247 0 12.0155 0.366338 4.7729 0 0 9.39704 3.15265 0.169888 0 2.01051 0
112 500.00 985.98 0.779164 45.8973 1.11404 19.6834 1.90834 0 11.2397 0.352687 4.95451 0 0 9.45283 3.20568 0.16965 0 2.02185 0
113 500.00 979.40 0.733780 46.0851 1.10378 19.5274 1.72288 0 11.9357 0.381809 4.54678 0 0 9.16034 3.32209 0.184451 0 2.02972 0
115 500.00 979.85 0.748758 45.9559 1.10708 19.4766 1.71405 0 12.1689 0.383188 4.52426 0 0 9.18167 3.28207 0.182387 0 2.02388 0
113 500.00 980.96 0.737461 46.1973 1.10364 19.6495 1.79284 0 11.3955 0.37014 4.70871 0 0 9.22722 3.33804 0.182207 0 2.03488 0
114 500.00 974.41 0.694189 46.3862 1.08988 19.4779 1.62119 0 12.0674 0.397716 4.31327 0 0 8.95777 3.44844 0.197611 0 2.04262 0
116 500.00 974.85 0.707900 46.2578 1.09187 19.4288 1.61243 0 12.3018 0.399015 4.28764 0 0 8.97972 3.40847 0.195472 0 2.03695 0
114 500.00 975.94 0.698143 46.4992 1.0924 19.6024 1.68601 0 11.5339 0.386766 4.47399 0 0 9.0151 3.46713 0.195348 0 2.04769 0
115 500.00 969.42 0.656786 46.6879 1.07603 19.4181 1.52795 0 12.1796 0.412555 4.09163 0 0 8.76816 3.57146 0.211371 0 2.05515 0
117 500.00 969.86 0.669331 46.5606 1.07682 19.3708 1.5194 0 12.4142 0.413732 4.06321 0 0 8.79077 3.53165 0.209159 0 2.04964 0
115 500.00 970.92 0.660993 46.8018 1.08077 19.544 1.5876 0 11.6545 0.402444 4.25061 0 0 8.81626 3.59273 0.209088 0 2.06019 0
116 500.00 964.43 0.621426 46.9893 1.06258 19.3496 1.44265 0 12.2728 0.42627 3.88187 0 0 8.59092 3.69104 0.225748 0 2.06722 0
118 500.00 964.86 0.632899 46.8633 1.0623 19.3041 1.43444 0 12.5067 0.427291 3.85098 0 0 8.6142 3.65146 0.223465 0 2.06184 0
116 500.00 965.91 0.625847 47.1041 1.06913 19.4758 1.49725 0 11.7572 0.417085 4.03868 0 0 8.63025 3.71469 0.223443 0 2.07231 0
117 500.00 960.89 0.592579 47.405 1.05782 19.3996 1.41449 0 11.8425 0.430637 3.83814 0 0 8.45645 3.83295 0.238434 0 2.08396 0
117 500.00 959.44 0.589208 47.2176 1.04862 19.2426 1.36317 0 12.3349 0.438457 3.67988 0 0 8.4925 3.80104 0.240399 0.0613147 2.0796 0
119 500.00 959.86 0.603089 46.9013 1.0442 19.1152 1.35114 0 12.5318 0.438229 3.63626 0 0 8.69666 3.74573 0.237079 0.225797 2.07664 0
118 500.00 954.45 0.579672 46.1385 1.01396 18.5734 1.26288 0 12.1387 0.442024 3.41876 0 0 9.62804 3.79547 0.2487 1.23405 2.10553 0
120 500.00 954.86 0.591903 45.8448 1.00805 18.4625 1.25081 0 12.3127 0.440836 3.37054 0 0 9.82909 3.74391 0.245496 1.39183 2.09947 0
118 500.00 955.87 0.568172 47.2596 1.03981 19.1254 1.32917 0 11.8367 0.4408 3.6249 0 0 8.70662 3.90909 0.251727 0.376073 2.10006 0
119 500.00 949.46 0.551455 46.107 0.996092 18.3687 1.19011 0 12.0804 0.449301 3.2192 0 0 9.8095 3.87784 0.263392 1.52455 2.11389 0
121 500.00 949.87 0.560452 46.0047 0.993597 18.3359 1.18368 0 12.3015 0.449733 3.18353 0 0 9.8212 3.84241 0.261163 1.51337 2.10921 0
119 500.00 950.86 0.557195 46.1919 1.00552 18.473 1.2297 0 11.6205 0.443184 3.3664 0 0 9.8469 3.90177 0.260486 1.542 2.11859 0
120 500.00 944.48 0.521066 46.398 0.986617 18.2903 1.13194 0 12.0953 0.458684 3.05477 0 0 9.67289 3.98336 0.280581 1.52374 2.12375 0
122 500.00 944.87 0.529273 46.2974 0.983449 18.2592 1.12595 0 12.3141 0.458915 3.01772 0 0 9.68496 3.94839 0.278301 1.51259 2.11912 0
120 500.00 945.84 0.526715 46.4862 0.996745 18.3939 1.16765 0 11.6453 0.45352 3.19884 0 0 9.70259 4.0092 0.27762 1.5396 2.12873 0
121 500.00 939.49 0.492554 46.6815 0.978372 18.2065 1.07881 0 12.0982 0.467069 2.90045 0 0 9.54729 4.08495 0.298523 1.52546 2.13283 0
123 500.00 939.87 0.500047 46.5825 0.974596 18.1769 1.07326 0 12.3146 0.467093 2.86218 0 0 9.55971 4.05046 0.296191 1.51435 2.12825 0
121 500.00 940.82 0.498081 46.773 0.98904 18.3091 1.11094 0 11.6578 0.462833 3.04146 0 0 9.56991 4.11257 0.295505 1.5398 2.13813 0
122 500.00 934.50 0.465808 46.957 0.971409 18.118 1.03023 0 12.0908 0.474514 2.75559 0 0 9.43186 4.18264 0.317251 1.52955 2.14111 0
124 500.00 934.87 0.472656 46.8597 0.967081 18.0898 1.02513 0 12.3046 0.474329 2.71624 0 0 9.44461 4.14864 0.314868 1.51847 2.13655 0
122 500.00 935.80 0.471186 47.0518 0.982491 18.2193 1.05908 0 11.6592 0.471172 2.89367 0 0 9.44794 4.21193 0.314175 1.54243 2.14677 0
123 500.00 929.51 0.440722 47.2245 0.965759 18.0254 0.985766 0 12.0745 0.48108 2.61952 0 0 9.3258 4.27647 0.336806 1.53584 2.14856 0
125 500.00 929.88 0.446988 47.1288 0.960925 17.9984 0.981091 0 12.2858 0.480686 2.5792 0 0 9.33889 4.24296 0.334371 1.5248 2.14401 0
123 500.00 930.79 0.445930 47.3226 0.977157 18.1253 1.01159 0 11.6511 0.478594 2.75484 0 0 9.33585 4.30735 0.333669 1.54736 2.15461 0
124 500.00 924.52 0.417196 47.4838 0.961436 17.9291 0.944997 0 12.0507 0.48683 2.49158 0 0 9.22841 4.36649 0.357231 1.5442 2.15515 0
126 500.00 924.88 0.422935 47.3898 0.956133 17.9033 0.940737 0 12.2596 0.486229 2.45038 0 0 9.24185 4.33345 0.354743 1.5332 2.1506 0
124 500.00 925.77 0.422218 47.5852 0.973075 18.0276 0.96806 0 11.6347 0.485157 2.62437 0 0 9.23285 4.39888 0.354033 1.55442 2.16162 0
125 500.00 919.53 0.395135 47.7349 0.95844 17.8297 0.907553 0 12.0208 0.491824 2.37113 0 0 9.13903 4.45273 0.378576 1.55448 2.16088 0
127 500.00 919.88 0.400398 47.6424 0.9527 17.8049 0.903692 0 12.2273 0.491019 2.32912 0 0 9.15283 4.42016 0.376035 1.54351 2.15631 0
125 500.00 920.75 0.399958 47.8395 0.970267 17.9268 0.928086 0 11.6115 0.490922 2.50162 0 0 9.1382 4.48658 0.375316 1.56347 2.16778 0
126 500.00 914.54 0.374447 47.9776 0.956763 17.7274 0.873094 0 11.986 0.496119 2.25755 0 0 9.05705 4.53524 0.4009 1.56653 2.16571 0
128 500.00 914.88 0.379280 47.8868 0.95061 17.7035 0.869618 0 12.1902 0.495114 2.21476 0 0 9.07127 4.50312 0.398303 1.5556 2.16112 0
126 500.00 915.74 0.379064 48.0855 0.968739 17.8232 0.891313 0 11.5826 0.495946 2.38598 0 0 9.05125 4.57051 0.397576 1.57437 2.17307 0
127 500.00 909.55 0.355047 48.2122 0.956388 17.6224 0.841317 0 11.9475 0.499768 2.15021 0 0 8.98195 4.61408 0.424268 1.58023 2.16965 0
129 500.00 909.89 0.359491 48.123 0.949841 17.5993 0.838211 0 12.1494 0.498564 2.10669 0 0 8.99664 4.58238 0.421613 1.56931 2.16502 0
127 500.00 910.72 0.359453 48.3232 0.968491 17.7171 0.857416 0 11.5492 0.500285 2.27685 0 0 8.9714 4.65073 0.420878 1.58699 2.17748 0
128 500.00 904.56 0.336852 48.4388 0.957293 17.5151 0.811944 0 11.9061 0.502818 2.04856 0 0 8.91324 4.68928 0.448758 1.59543 2.17268 0
130 500.00 904.89 0.340945 48.3512 0.950366 17.4925 0.809194 0 12.106 0.501418 2.00432 0 0 8.92846 4.65797 0.446041 1.58453 2.168 0
128 500.00 905.70 0.341046 48.5528 0.969511 17.6088 0.826099 0 11.5123 0.50399 2.17367 0 0 8.8981 4.72729 0.445297 1.60118 2.18099 0
129 500.00 899.57 0.319787 48.6576 0.959451 17.4055 0.784724 0 11.8628 0.505309 1.95204 0 0 8.85047 4.76089 0.474457 1.61201 2.17479 0
131 500.00 899.89 0.323561 48.5715 0.952153 17.3834 0.782317 0 12.0607 0.503715 1.90709 0 0 8.86632 4.72994 0.471677 1.6011 2.17005 0
129 500.00 900.68 0.328083 49.0041 1.49197 17.4078 0.449313 0 11.0609 0.541554 2.13487 0 0 8.85969 4.78207 0.46964 1.63144 2.16666 0
130 500.00 894.58 0.308502 49.1467 1.56702 17.1755 0.354265 0 11.3379 0.54835 1.92586 0 0 8.83949 4.80343 0.499389 1.6452 2.15686 0
132 500.00 894.90 0.309081 48.8978 1.18375 17.2257 0.602421 0 11.8252 0.521637 1.8399 0 0 8.82846 4.78841 0.497806 1.62473 2.16418 0
130 500.00 895.67 0.313305 49.123 1.84426 17.2209 0.372843 0 10.9359 0.551398 2.04074 0 0 8.78117 4.82992 0.495009 1.64593 2.1589 0
131 500.00 889.59 0.294240 49.211 1.84732 16.9977 0.342889 0 11.2745 0.551076 1.82604 0 0 8.76632 4.84791 0.526326 1.65847 2.1504 0
133 500.00 889.90 0.297569 49.1494 1.85047 16.9764 0.319256 0 11.4429 0.549085 1.78485 0 0 8.79197 4.81873 0.523061 1.64794 2.14592 0
131 500.00 890.65 0.297761 49.3028 1.83645 17.094 0.384431 0 10.9294 0.554401 1.94166 0 0 8.72232 4.8896 0.523342 1.66205 2.1595 0
134 500.00 884.90 0.282878 49.3417 1.8363 16.8523 0.325627 0 11.4141 0.55029 1.6892 0 0 8.74997 4.87548 0.553145 1.66595 2.14602 0
132 500.00 884.60 0.279897 49.3827 1.84243 16.868 0.356954 0 11.2624 0.552391 1.73117 0 0 8.71929 4.90265 0.556307 1.67598 2.1497 0
132 500.00 885.63 0.283190 49.4771 1.83058 16.9653 0.397838 0 10.9189 0.556587 1.84657 0 0 8.66949 4.94594 0.553284 1.67911 2.15924 0
135 500.00 879.90 0.268951 49.5623 1.80885 16.736 0.320041 0 11.3548 0.550993 1.59712 0 0 8.71973 4.93222 0.585459 1.68571 2.14672 0
133 500.00 879.61 0.266452 49.5523 1.83812 16.7369 0.371724 0 11.2449 0.552934 1.63966 0 0 8.67843 4.95431 0.588136 1.69421 2.14831 0
133 500.00 880.62 0.269534 49.6465 1.82648 16.8348 0.413002 0 10.9048 0.557977 1.75506 0 0 8.62229 4.99897 0.585022 1.69692 2.15815 0
136 500.00 874.91 0.255756 49.8126 1.76859 16.6274 0.30101 0 11.2657 0.551191 1.50821 0 0 8.7008 4.98907 0.620317 1.70704 2.14807 0
134 500.00 874.63 0.253699 49.7497 1.82117 16.6134 0.374595 0 11.1985 0.552975 1.55133 0 0 8.64852 5.00588 0.622426 1.71396 2.14749 0
134 500.00 875.60 0.256737 49.8118 1.82396 16.7024 0.429862 0 10.8874 0.558579 1.6667 0 0 8.5803 5.04871 0.618784 1.71528 2.15623 0
135 500.00 869.64 0.241610 49.9763 1.79197 16.4974 0.364026 0 11.1235 0.552502 1.46581 0 0 8.62909 5.05752 0.659551 1.73506 2.14728 0
137 500.00 869.91 0.243261 50.0943 1.71585 16.5264 0.266779 0 11.1468 0.550871 1.42205 0 0 8.69278 5.04621 0.658109 1.72976 2.15011 0
135 500.00 870.58 0.244749 49.9736 1.82281 16.5681 0.448357 0 10.867 0.558389 1.58111 0 0 8.5431 5.09517 0.654853 1.73397 2.15353 0
136 500.00 864.65 0.230158 50.2343 1.75078 16.3888 0.338208 0 11.0196 0.551489 1.3827 0 0 8.61971 5.10939 0.699982 1.75731 2.14776 0
138 500.00 864.91 0.231490 50.3478 1.65089 16.4439 0.263517 0 11.0376 0.547052 1.32973 0 0 8.66875 5.10694 0.699809 1.75433 2.14965 0
136 500.00 865.56 0.233525 50.133 1.82286 16.4319 0.468424 0 10.8436 0.557388 1.49789 0 0 8.51019 5.13837 0.693586 1.75275 2.15007 0
139 500.00 859.91 0.220827 50.5378 1.62594 16.3315 0.280255 0 10.9786 0.542939 1.24268 0 0 8.63898 5.15568 0.743715 1.77619 2.14568 0
137 500.00 859.66 0.219317 50.5261 1.69774 16.2879 0.295053 0 10.8863 0.549899 1.30165 0 0 8.61988 5.16169 0.744323 1.78052 2.14899 0
137 500.00 860.55 0.222918 50.3147 1.81422 16.3009 0.478378 0 10.7984 0.555758 1.41689 0 0 8.48507 5.18079 0.735787 1.77219 2.1469 0
140 500.00 854.92 0.211033 50.7076 1.62215 16.2001 0.298595 0 10.9362 0.538827 1.1608 0 0 8.61289 5.19577 0.790793 1.79602 2.14023 0
138 500.00 854.67 0.209116 50.7752 1.63295 16.2092 0.297839 0 10.7709 0.54427 1.2119 0 0 8.59196 5.21907 0.794114 1.80582 2.14668 0
138 500.00 855.53 0.212873 50.5283 1.79411 16.1773 0.473098 0 10.7253 0.553514 1.33783 0 0 8.46833 5.22333 0.782245 1.7923 2.14441 0
141 500.00 849.92 0.201897 50.8804 1.61898 16.0675 0.317442 0 10.8889 0.533877 1.0805 0 0 8.58717 5.23307 0.84277 1.81525 2.1341 0
139 500.00 849.68 0.200002 50.9595 1.61772 16.0885 0.316168 0 10.7116 0.539058 1.13002 0 0 8.56326 5.25996 0.846793 1.82634 2.14112 0
142 500.00 844.92 0.193398 51.0585 1.61617 15.9341 0.336624 0 10.8354 0.528008 1.0015 0 0 8.56025 5.26764 0.900878 1.83349 2.12736 0
139 500.00 850.51 0.203375 50.7769 1.76256 16.0613 0.450427 0 10.6231 0.550586 1.26035 0 0 8.45917 5.26619 0.833879 1.81281 2.14271 0
140 500.00 844.69 0.191619 51.1355 1.61507 15.9554 0.335693 0 10.6595 0.533367 1.05151 0 0 8.5356 5.29422 0.904955 1.84463 2.13456 0
143 500.00 839.93 0.185529 51.2451 1.6133 15.8002 0.355922 0 10.7739 0.521095 0.923579 0 0 8.53001 5.29949 0.966898 1.85029 2.12015 0
140 500.00 845.50 0.194415 51.0647 1.71952 15.9533 0.407928 0 10.4902 0.546874 1.1841 0 0 8.45654 5.30959 0.891948 1.83339 2.14196 0
141 500.00 839.70 0.183854 51.3198 1.61239 15.8218 0.355456 0 10.5995 0.526625 0.974018 0 0 8.50469 5.32574 0.970986 1.86149 2.12753 0
144 500.00 834.93 0.178303 51.4449 1.60981 15.6661 0.375062 0 10.7014 0.512944 0.846477 0 0 8.49343 5.32862 1.04355 1.86502 2.11268 0
141 500.00 840.48 0.185994 51.3903 1.66482 15.8549 0.348534 0 10.3275 0.542008 1.10794 0 0 8.45576 5.35413 0.958313 1.85379 2.14196 0
142 500.00 834.71 0.176720 51.5169 1.60912 15.6881 0.375195 0 10.5286 0.518642 0.897281 0 0 8.46755 5.3545 1.04757 1.87629 2.12023 0
145 500.00 829.93 0.171771 51.6654 1.6048 15.5323 0.393686 0 10.6125 0.503233 0.769909 0 0 8.44579 5.35492 1.13531 1.87676 2.10531 0
143 500.00 829.72 0.170265 51.7341 1.60437 15.5548 0.394561 0 10.4419 0.509098 0.820983 0 0 8.4195 5.3804 1.13913 1.88812 2.11302 0
142 500.00 835.46 0.178184 51.6503 1.6025 15.7821 0.364046 0 10.1928 0.532609 1.02023 0 0 8.40078 5.40499 1.0367 1.87645 2.1365 0
146 500.00 824.93 0.351096 57.7124 0.940225 15.5902 0.294228 0 5.25289 0.188175 0.403433 0 0 4.80054 3.87846 7.20787 1.3986 2.33289 0
143 500.00 830.45 0.171542 51.8592 1.59842 15.6487 0.384627 0 10.1137 0.523744 0.943938 0 0 8.35373 5.43122 1.12461 1.88865 2.12945 0
144 500.00 824.73 0.319800 57.2873 0.991732 15.5866 0.30537 0 5.57432 0.215462 0.458974 0 0 5.06594 4.00996 6.74108 1.44577 2.31743 0
147 500.00 819.94 0.522104 59.4625 0.709485 15.9299 0.239196 0 3.6927 0.107364 0.256202 0 0 3.71317 3.6124 8.67782 1.20581 2.39343 0
144 500.00 825.43 0.172274 52.5116 1.54419 15.526 0.396577 0 9.64733 0.49006 0.84144 0 0 8.03216 5.34236 1.66783 1.86165 2.1388 0
145 500.00 819.74 0.515345 59.4679 0.711374 15.9363 0.242381 0 3.64392 0.11043 0.281592 0 0 3.70672 3.6267 8.66453 1.21431 2.3938 0
148 500.00 814.94 0.465889 59.32 0.724016 15.8079 0.245208 0 3.86695 0.110912 0.215842 0 0 3.82029 3.54008 8.71541 1.24206 2.39139 0
146 500.00 814.75 0.460066 59.3246 0.726224 15.8166 0.249513 0 3.815 0.114427 0.24169 0 0 3.81091 3.5548 8.70326 1.25108 2.39189 0
145 500.00 820.41 0.524029 59.5217 0.710608 15.973 0.242131 0 3.50119 0.115256 0.343827 0 0 3.66318 3.65489 8.65771 1.21873 2.39779 0
149 500.00 809.94 0.391540 58.9932 0.750204 15.6551 0.247532 0 4.24453 0.136414 0.193493 0 0 3.95622 3.50941 8.62105 1.30828 2.38453 0
147 500.00 809.76 0.402912 59.3435 0.748691 15.7573 0.27459 0 3.62562 0.0712385 0.218118 0 0 4.08945 3.5402 8.66257 1.28167 2.38703 0
146 500.00 815.39 0.467292 59.3788 0.725515 15.8577 0.251496 0 3.6667 0.120096 0.304635 0 0 3.76121 3.58385 8.69879 1.25542 2.39573 0
147 500.00 810.38 0.422867 59.2761 0.736219 15.761 0.259578 0 3.79545 0.121614 0.263931 0 0 3.85487 3.51948 8.74334 1.2872 2.38125 0
150 500.00 804.94 0.325242 56.6042 0.75329 15.0445 0.0385771 0 8.70719 0.653308 0.00807227 0 0 2.56239 3.37599 8.39561 1.52375 2.33311 0
148 500.00 805.36 0.382922 59.0464 0.748258 15.6172 0.264869 0 4.14051 0.141249 0.210296 0 0 3.95917 3.46355 8.71732 1.31904 2.37218 0
148 500.00 804.78 0.310786 56.3915 0.759307 14.8674 0.0649149 0 8.92854 0.644559 0.0399374 0 0 2.79296 3.34143 8.27791 1.54453 2.34698 0
149 500.00 800.34 0.267088 56.5542 0.799129 14.85 0.105478 0 8.18967 0.622495 0.0822792 0 0 3.1619 3.2917 8.36067 1.63633 2.34617 0
150 500.00 795.33 0.422441 59.7288 0.722152 15.71 0.318771 0 3.21133 0 0.171468 0 0 4.22695 3.38958 8.96441 1.21429 2.34229 0
151 500.00 790.31 0.293515 59.3494 0.793878 15.5549 0.311962 0 3.34063 0 0.127679 0 0 4.49135 3.31454 8.96966 1.41053 2.33547 0
152 500.00 785.29 0.272760 59.2165 0.804601 15.4385 0.310638 0 3.54473 0 0.0888047 0 0 4.59548 3.24909 8.99049 1.43959 2.3216 0
153 500.00 780.27 0.254893 59.0655 0.814466 15.3019 0.310003 0 3.78304 0 0.0529802 0 0 4.72235 3.18039 8.99515 1.46444 2.30981 0
154 500.00 775.26 0.240350 58.87 0.821386 15.114 0.312719 0 4.10615 0 0.0233013 0 0 4.90298 3.10256 8.96346 1.47949 2.30393 0
155 500.00 770.24 0.299680 63.0148 0.665501 13.2102 0.27362 0 3.92473 0 0.00427402 0 0 4.56969 2.6654 7.92375 1.36071 2.3874 0
156 500.00 765.22 0.462720 45.8933 0.224464 0.411917 0.0928889 0 27.0695 0 0 0 0 20.8586 0.243492 0 0 4.76829 0