System Thermodynamic Data:
index Pressure Temperature mass F phi H S V Cp dVdP*10^6 dVdT*10^6 fO2(absolute) fO2(absolute) rhol rhos viscosity aH2O chisqr
1 500.00 1400.00 100.000000 0.9804994326135640 0.560176 -1182389.593658 320.069465 69.107659 159.108627 -60161.166726 22999.840288 -5.168 -5.168 2.532774 0.064157 0.757 n/a n/a
2 500.00 1397.00 100.000000 0.9620915467462655 0.391799 -1180145.370098 334.950662 96.965156 161.550835 -116525.801824 41225.095386 -4.826 -4.826 2.532430 0.064280 0.765 n/a n/a
2 500.00 1397.00 100.000000 0.9712108244912750 0.461225 -1181484.346881 327.444978 83.128204 160.321506 -88548.863807 32199.833981 -5.069 -5.069 2.533101 0.064280 0.765 n/a n/a
2 500.00 1397.00 100.000000 0.9805066931312690 0.560677 -1182867.095747 319.783818 69.028461 159.105681 -60030.244543 23001.564291 -5.196 -5.196 2.533435 0.064280 0.765 n/a n/a
3 500.00 1394.00 100.000000 0.9712180123050671 0.461700 -1181965.484059 327.156638 83.021522 160.317947 -88366.454027 32205.772651 -5.096 -5.096 2.533763 0.064403 0.774 n/a n/a
3 500.00 1394.00 100.000000 0.9620985870861832 0.392240 -1180630.188871 334.660116 96.831598 161.546669 -116293.041851 41235.177514 -4.853 -4.853 2.533093 0.064403 0.774 n/a n/a
3 500.00 1394.00 100.000000 0.9805139911326021 0.561179 -1183344.590065 319.497662 68.949225 159.102739 -59899.284153 23003.316726 -5.223 -5.223 2.534097 0.064403 0.773 n/a n/a
4 500.00 1391.00 100.000000 0.9712252372919318 0.462177 -1182446.611618 326.867785 82.914790 160.314395 -88184.004238 32211.774352 -5.124 -5.124 2.534426 0.064527 0.782 n/a n/a
4 500.00 1391.00 100.000000 0.9621056638283253 0.392682 -1181114.996179 334.369054 96.697979 161.542514 -116060.240507 41245.356500 -4.880 -4.880 2.533756 0.064527 0.782 n/a n/a
4 500.00 1391.00 100.000000 0.9805213268812001 0.561682 -1183822.076636 319.210995 68.869952 159.099802 -59768.285340 23005.097945 -5.251 -5.251 2.534759 0.064527 0.782 n/a n/a
5 500.00 1388.00 100.000000 0.9712324997136003 0.462656 -1182927.729589 326.578417 82.808008 160.310851 -88001.514203 32217.839793 -5.151 -5.151 2.535088 0.064651 0.790 n/a n/a
5 500.00 1388.00 100.000000 0.9621127772287283 0.393125 -1181599.792061 334.077474 96.564298 161.538370 -115827.397541 41255.633402 -4.908 -4.908 2.534420 0.064651 0.791 n/a n/a
5 500.00 1388.00 100.000000 0.9805287006432164 0.562187 -1184299.555480 318.923816 68.790641 159.096871 -59637.247885 23006.908299 -5.278 -5.278 2.535421 0.064651 0.790 n/a n/a
6 500.00 1385.00 100.000000 0.9712397998339957 0.463136 -1183408.838004 326.288532 82.701175 160.307316 -87818.983686 32223.969692 -5.179 -5.179 2.535751 0.064776 0.799 n/a n/a
6 500.00 1385.00 100.000000 0.9621199275453531 0.393570 -1182084.576560 333.785373 96.430554 161.534238 -115594.512701 41266.009294 -4.936 -4.936 2.535084 0.064776 0.799 n/a n/a
6 500.00 1385.00 100.000000 0.9805361126868252 0.562694 -1184777.026621 318.636122 68.711292 159.093944 -59506.171568 23008.748148 -5.306 -5.306 2.536083 0.064776 0.799 n/a n/a
7 500.00 1382.00 100.000000 0.9712471379192278 0.463617 -1183889.936896 325.998127 82.594292 160.303789 -87636.412449 32230.164778 -5.207 -5.207 2.536414 0.064902 0.807 n/a n/a
7 500.00 1382.00 100.000000 0.9621271150382033 0.394017 -1182569.349719 333.492751 96.296748 161.530117 -115361.585732 41276.485267 -4.964 -4.964 2.535748 0.064902 0.807 n/a n/a
7 500.00 1382.00 100.000000 0.9805435632824802 0.563202 -1185254.490083 318.347911 68.631904 159.091022 -59375.056170 23010.617856 -5.334 -5.334 2.536746 0.064902 0.807 n/a n/a
8 500.00 1379.00 100.000000 0.9712545142376403 0.464100 -1184371.026298 325.707201 82.487358 160.300270 -87453.800251 32236.425788 -5.235 -5.235 2.537078 0.065028 0.816 n/a n/a
8 500.00 1379.00 100.000000 0.9621343399699811 0.394465 -1183054.111580 333.199604 96.162878 161.526009 -115128.616378 41287.062421 -4.992 -4.992 2.536412 0.065028 0.816 n/a n/a
8 500.00 1379.00 100.000000 0.9805510527028971 0.563711 -1185731.945889 318.059183 68.552478 159.088106 -59243.901467 23012.517791 -5.362 -5.362 2.537409 0.065028 0.816 n/a n/a
9 500.00 1376.00 100.000000 0.9712619290597779 0.464585 -1184852.106246 325.415752 82.380372 160.296761 -87271.146851 32242.753472 -5.263 -5.263 2.537741 0.065154 0.824 n/a n/a
9 500.00 1376.00 100.000000 0.9621416026048091 0.394915 -1183538.862187 332.905931 96.028944 161.521912 -114895.604383 41297.741874 -5.020 -5.020 2.537077 0.065154 0.825 n/a n/a
9 500.00 1376.00 100.000000 0.9805585812230565 0.564222 -1186209.394063 317.769934 68.473013 159.085195 -59112.707238 23014.448328 -5.390 -5.390 2.538072 0.065154 0.824 n/a n/a
10 500.00 1373.00 100.000000 0.9712693826584572 0.465071 -1185333.176773 325.123778 82.273334 160.293260 -87088.452008 32249.148586 -5.291 -5.291 2.538405 0.065281 0.833 n/a n/a
10 500.00 1373.00 100.000000 0.9805661491201992 0.564735 -1186686.834629 317.480163 68.393508 159.082290 -58981.473258 23016.409844 -5.418 -5.418 2.538735 0.065281 0.833 n/a n/a
10 500.00 1373.00 100.000000 0.9621489032094865 0.395366 -1184023.601586 332.611731 95.894946 161.517829 -114662.549489 41308.524758 -5.048 -5.048 2.537742 0.065281 0.833 n/a n/a
11 500.00 1370.00 100.000000 0.9712768753087587 0.465559 -1185814.237916 324.831278 82.166244 160.289769 -86905.715477 32255.611898 -5.320 -5.320 2.539069 0.065409 0.841 n/a n/a
11 500.00 1370.00 100.000000 0.9805737566739720 0.565249 -1187164.267613 317.189869 68.313965 159.079390 -58850.199301 23018.402725 -5.447 -5.447 2.539399 0.065409 0.841 n/a n/a
11 500.00 1370.00 100.000000 0.9621562420528886 0.395819 -1184508.329821 332.317000 95.760884 161.513758 -114429.451433 41319.412221 -5.077 -5.077 2.538407 0.065409 0.842 n/a n/a
12 500.00 1367.00 100.000000 0.9712844072880118 0.466049 -1186295.289709 324.538248 82.059101 160.286287 -86722.937014 32262.144188 -5.348 -5.348 2.539733 0.065537 0.850 n/a n/a
12 500.00 1367.00 100.000000 0.9805814041663019 0.565765 -1187641.693040 316.899048 68.234382 159.076496 -58718.885142 23020.427360 -5.475 -5.475 2.540063 0.065537 0.850 n/a n/a
12 500.00 1367.00 100.000000 0.9621636194061486 0.396273 -1184993.046940 332.021738 95.626756 161.509700 -114196.309956 41330.405424 -5.105 -5.105 2.539072 0.065537 0.850 n/a n/a
13 500.00 1364.00 100.000000 0.9712919788759757 0.466540 -1186776.332190 324.244688 81.951906 160.282815 -86540.116370 32268.746244 -5.377 -5.377 2.540398 0.065666 0.859 n/a n/a
13 500.00 1364.00 100.000000 0.9621710355425968 0.396729 -1185477.752989 331.725942 95.492562 161.505655 -113963.124792 41341.505545 -5.134 -5.134 2.539737 0.065666 0.859 n/a n/a
13 500.00 1364.00 100.000000 0.9805890918814418 0.566282 -1188119.110934 316.607700 68.154759 159.073607 -58587.530552 23022.484145 -5.504 -5.504 2.540727 0.065666 0.859 n/a n/a
14 500.00 1361.00 100.000000 0.9712995903545583 0.467033 -1187257.365397 323.950595 81.844657 160.279352 -86357.253300 32275.418865 -5.406 -5.406 2.541062 0.065796 0.867 n/a n/a
14 500.00 1361.00 100.000000 0.9805968201058211 0.566801 -1188596.521324 316.315822 68.075096 159.070725 -58456.135303 23024.573479 -5.533 -5.533 2.541391 0.065796 0.867 n/a n/a
14 500.00 1361.00 100.000000 0.9621784907378571 0.397187 -1185962.448017 331.429610 95.358303 161.501623 -113729.895679 41352.713778 -5.163 -5.163 2.540403 0.065796 0.868 n/a n/a
15 500.00 1358.00 100.000000 0.9713072420081269 0.467527 -1187738.389366 323.655967 81.737355 160.275900 -86174.347553 32282.162863 -5.435 -5.435 2.541727 0.065926 0.876 n/a n/a
15 500.00 1358.00 100.000000 0.9806045891287027 0.567322 -1189073.924234 316.023412 67.995392 159.067849 -58324.699165 23026.695770 -5.562 -5.562 2.542055 0.065926 0.876 n/a n/a
15 500.00 1358.00 100.000000 0.9621859852698071 0.397646 -1186447.132074 331.132741 95.223977 161.497606 -113496.622348 41364.031332 -5.192 -5.192 2.541069 0.065926 0.876 n/a n/a
16 500.00 1355.00 100.000000 0.9713149341233609 0.468024 -1188219.404138 323.360802 81.629998 160.272457 -85991.398879 32288.979059 -5.464 -5.464 2.542393 0.066056 0.885 n/a n/a
16 500.00 1355.00 100.000000 0.9621935194186829 0.398106 -1186931.805208 330.835331 95.089583 161.493603 -113263.304531 41375.459434 -5.221 -5.221 2.541735 0.066056 0.885 n/a n/a
16 500.00 1355.00 100.000000 0.9806123992414547 0.567844 -1189551.319693 315.730468 67.915648 159.064979 -58193.221907 23028.851429 -5.591 -5.591 2.542720 0.066056 0.885 n/a n/a
17 500.00 1352.00 100.000000 0.9713226669893361 0.468521 -1188700.409750 323.065099 81.522587 160.269026 -85808.407026 32295.868285 -5.493 -5.493 2.543058 0.066187 0.894 n/a n/a
17 500.00 1352.00 100.000000 0.9622010934669479 0.398569 -1187416.467471 330.537380 94.955122 161.489614 -113029.941960 41386.999326 -5.250 -5.250 2.542401 0.066187 0.894 n/a n/a
18 500.00 1349.00 100.000000 0.9713304408976469 0.469021 -1189181.406244 322.768855 81.415122 160.265604 -85625.371740 32302.831386 -5.522 -5.522 2.543724 0.066319 0.903 n/a n/a
17 500.00 1352.00 100.000000 0.9806202507378586 0.568368 -1190028.707728 315.436989 67.835863 159.062115 -58061.703297 23031.040874 -5.620 -5.620 2.543385 0.066187 0.894 n/a n/a
18 500.00 1349.00 100.000000 0.9622087076994661 0.399033 -1187901.118914 330.238885 94.820593 161.485639 -112796.534363 41398.652266 -5.279 -5.279 2.543068 0.066319 0.903 n/a n/a
19 500.00 1346.00 100.000000 0.9713382561418595 0.469522 -1189662.393660 322.472068 81.307601 160.262194 -85442.292767 32309.869217 -5.552 -5.552 2.544389 0.066451 0.911 n/a n/a
18 500.00 1349.00 100.000000 0.9806281439140819 0.568893 -1190506.088367 315.142972 67.756037 159.059258 -57930.143102 23033.264530 -5.649 -5.649 2.544050 0.066319 0.902 n/a n/a
19 500.00 1346.00 100.000000 0.9622163624034061 0.399499 -1188385.759591 329.939844 94.685996 161.481680 -112563.081467 41410.419532 -5.309 -5.309 2.543735 0.066451 0.912 n/a n/a
19 500.00 1346.00 100.000000 0.9806360790691174 0.569420 -1190983.461637 314.848415 67.676169 159.056408 -57798.541087 23035.522825 -5.679 -5.679 2.544715 0.066451 0.911 n/a n/a
20 500.00 1343.00 100.000000 0.9713461130187219 0.470025 -1190143.372039 322.174737 81.200025 160.258794 -85259.169851 32316.982647 -5.581 -5.581 2.545055 0.066584 0.920 n/a n/a
21 500.00 1340.00 100.000000 0.9713540118266011 0.470529 -1190624.341424 321.876858 81.092392 160.255406 -85076.002735 32324.172554 -5.611 -5.611 2.545722 0.066718 0.929 n/a n/a
20 500.00 1343.00 100.000000 0.9622240578682739 0.399966 -1188870.389555 329.640255 94.551329 161.477736 -112329.582998 41422.302417 -5.338 -5.338 2.544402 0.066584 0.920 n/a n/a
20 500.00 1343.00 100.000000 0.9806440565040349 0.569949 -1191460.827569 314.553316 67.596260 159.053564 -57666.897016 23037.816197 -5.708 -5.708 2.545381 0.066584 0.920 n/a n/a
22 500.00 1337.00 100.000000 0.9713619528670987 0.471035 -1191105.301857 321.578431 80.984704 160.252030 -84892.791159 32331.439831 -5.641 -5.641 2.546388 0.066852 0.938 n/a n/a
21 500.00 1340.00 100.000000 0.9622317943862543 0.400435 -1189355.008861 329.340116 94.416593 161.473808 -112096.038679 41434.302232 -5.368 -5.368 2.545069 0.066718 0.929 n/a n/a
21 500.00 1340.00 100.000000 0.9806520765226321 0.570479 -1191938.186192 314.257674 67.516309 159.050727 -57535.210654 23040.145087 -5.738 -5.738 2.546047 0.066718 0.929 n/a n/a
23 500.00 1334.00 100.000000 0.9713699364437914 0.471543 -1191586.253383 321.279452 80.876959 160.248665 -84709.534864 32338.785381 -5.671 -5.671 2.547055 0.066987 0.947 n/a n/a
22 500.00 1337.00 100.000000 0.9806601394311439 0.571011 -1192415.537535 313.961486 67.436315 159.047897 -57403.481763 23042.509944 -5.768 -5.768 2.546713 0.066852 0.938 n/a n/a
22 500.00 1337.00 100.000000 0.9622395722515148 0.400905 -1189839.617564 329.039425 94.281787 161.469895 -111862.448234 41446.420306 -5.398 -5.398 2.545736 0.066852 0.938 n/a n/a
23 500.00 1334.00 100.000000 0.9806682455383620 0.571545 -1192892.881630 313.664750 67.356279 159.045075 -57271.710103 23044.911223 -5.798 -5.798 2.547379 0.066987 0.947 n/a n/a
24 500.00 1331.00 100.000000 0.9713779628629722 0.472053 -1192067.196046 320.979921 80.769156 160.245312 -84526.233589 32346.210121 -5.701 -5.701 2.547722 0.067122 0.956 n/a n/a
23 500.00 1334.00 100.000000 0.9622473917607610 0.401378 -1190324.215721 328.738179 94.146910 161.465998 -111628.811384 41458.657988 -5.428 -5.428 2.546404 0.066987 0.947 n/a n/a
25 500.00 1328.00 100.000000 0.9713860324334229 0.472564 -1192548.129891 320.679834 80.661297 160.241972 -84342.887071 32353.714981 -5.731 -5.731 2.548389 0.067258 0.965 n/a n/a
24 500.00 1331.00 100.000000 0.9806763951557157 0.572081 -1193370.218506 313.367464 67.276201 159.042260 -57139.895436 23047.349386 -5.828 -5.828 2.548045 0.067122 0.956 n/a n/a
24 500.00 1331.00 100.000000 0.9622552532134163 0.401852 -1190808.803390 328.436378 94.011962 161.462119 -111395.127848 41471.016643 -5.458 -5.458 2.547072 0.067122 0.956 n/a n/a
25 500.00 1328.00 100.000000 0.9806845885969320 0.572618 -1193847.548196 313.069627 67.196079 159.039452 -57008.037520 23049.824901 -5.858 -5.858 2.548712 0.067258 0.965 n/a n/a
26 500.00 1325.00 100.000000 0.9713941454666458 0.473078 -1193029.054964 320.379190 80.553379 160.238643 -84159.495045 32361.300903 -5.762 -5.762 2.549056 0.067394 0.974 n/a n/a
25 500.00 1328.00 100.000000 0.9622631569110515 0.402328 -1191293.380628 328.134018 93.876943 161.458256 -111161.397343 41483.497656 -5.488 -5.488 2.547740 0.067258 0.965 n/a n/a
26 500.00 1325.00 100.000000 0.9806928261787671 0.573156 -1194324.870731 312.771235 67.115914 159.036652 -56876.136113 23052.338243 -5.889 -5.889 2.549379 0.067394 0.974 n/a n/a
27 500.00 1322.00 100.000000 0.9714023022763776 0.473592 -1193509.971311 320.077987 80.445403 160.235328 -83976.057247 32368.968843 -5.792 -5.792 2.549724 0.067532 0.983 n/a n/a
26 500.00 1325.00 100.000000 0.9622711031579260 0.402805 -1191777.947497 327.831097 93.741851 161.454410 -110927.619587 41496.102430 -5.519 -5.519 2.548409 0.067394 0.974 n/a n/a
27 500.00 1322.00 100.000000 0.9807011082203106 0.573697 -1194802.186144 312.472286 67.035706 159.033860 -56744.190972 23054.889894 -5.919 -5.919 2.550046 0.067532 0.983 n/a n/a
28 500.00 1319.00 100.000000 0.9714105031792409 0.474109 -1193990.878982 319.776222 80.337368 160.232026 -83792.573410 32376.719770 -5.823 -5.823 2.550392 0.067670 0.992 n/a n/a
27 500.00 1322.00 100.000000 0.9622790922607397 0.403284 -1192262.504057 327.527614 93.606687 161.450581 -110693.794293 41508.832390 -5.549 -5.549 2.549077 0.067532 0.984 n/a n/a
28 500.00 1319.00 100.000000 0.9807094350433663 0.574239 -1195279.494468 312.172780 66.955454 159.031076 -56612.201854 23057.480344 -5.950 -5.950 2.550713 0.067670 0.992 n/a n/a
29 500.00 1316.00 100.000000 0.9714187484943189 0.474628 -1194471.778023 319.473893 80.229275 160.228736 -83609.043267 32384.554667 -5.854 -5.854 2.551060 0.067808 1.002 n/a n/a
28 500.00 1319.00 100.000000 0.9622871245283968 0.403765 -1192747.050369 327.223566 93.471449 161.446771 -110459.921177 41521.688979 -5.580 -5.580 2.549746 0.067670 0.993 n/a n/a
29 500.00 1316.00 100.000000 0.9807178069724038 0.574783 -1195756.795737 311.872713 66.875157 159.028300 -56480.168514 23060.110088 -5.981 -5.981 2.551380 0.067808 1.001 n/a n/a
30 500.00 1313.00 100.000000 0.9714270385433761 0.475148 -1194952.668485 319.170998 80.121121 160.225460 -83425.466547 32392.474531 -5.885 -5.885 2.551728 0.067947 1.011 n/a n/a
29 500.00 1316.00 100.000000 0.9622952002730110 0.404248 -1193231.586497 326.918950 93.336138 161.442978 -110225.999949 41534.673660 -5.611 -5.611 2.550415 0.067808 1.002 n/a n/a
30 500.00 1313.00 100.000000 0.9807262243345700 0.575329 -1196234.089985 311.572084 66.794816 159.025533 -56348.090705 23062.779630 -6.012 -6.012 2.552048 0.067947 1.011 n/a n/a
31 500.00 1310.00 100.000000 0.9714353736508206 0.475670 -1195433.550418 318.867536 80.012908 160.222198 -83241.842982 32400.480373 -5.916 -5.916 2.552396 0.068087 1.020 n/a n/a
30 500.00 1313.00 100.000000 0.9623033198086072 0.404732 -1193716.112504 326.613766 93.200753 161.439204 -109992.030319 41547.787917 -5.642 -5.642 2.551084 0.067947 1.011 n/a n/a
31 500.00 1310.00 100.000000 0.9807346874597180 0.575876 -1196711.377246 311.270889 66.714431 159.022773 -56215.968180 23065.489481 -6.043 -6.043 2.552716 0.068087 1.020 n/a n/a
31 500.00 1310.00 100.000000 0.9623114834522890 0.405218 -1194200.628457 326.308010 93.065293 161.435449 -109758.011997 41561.033255 -5.673 -5.673 2.551754 0.068087 1.020 n/a n/a
32 500.00 1307.00 100.000000 0.9714437541436154 0.476194 -1195914.423871 318.563503 79.904634 160.218950 -83058.172299 32408.573218 -5.947 -5.947 2.553065 0.068227 1.029 n/a n/a
32 500.00 1307.00 100.000000 0.9807431966805167 0.576426 -1197188.657557 310.969128 66.634000 159.020023 -56083.800692 23068.240160 -6.074 -6.074 2.553384 0.068227 1.029 n/a n/a
33 500.00 1304.00 100.000000 0.9714521803520271 0.476720 -1196395.288899 318.258897 79.796300 160.215717 -82874.454225 32416.754106 -5.979 -5.979 2.553734 0.068368 1.039 n/a n/a
32 500.00 1307.00 100.000000 0.9623196915233129 0.405706 -1194685.134420 326.001680 92.929757 161.431714 -109523.944689 41574.411200 -5.704 -5.704 2.552423 0.068227 1.030 n/a n/a
33 500.00 1304.00 100.000000 0.9807517523320048 0.576977 -1197665.930952 310.666798 66.553525 159.017281 -55951.587991 23071.032193 -6.106 -6.106 2.554052 0.068368 1.038 n/a n/a
34 500.00 1301.00 100.000000 0.9714606526079674 0.477247 -1196876.145553 317.953717 79.687904 160.212498 -82690.688486 32425.024093 -6.010 -6.010 2.554403 0.068510 1.048 n/a n/a
33 500.00 1304.00 100.000000 0.9623279443438177 0.406196 -1195169.630462 325.694775 92.794145 161.427998 -109289.828102 41587.923298 -5.736 -5.736 2.553093 0.068368 1.039 n/a n/a
34 500.00 1301.00 100.000000 0.9807603547525392 0.577529 -1198143.197468 310.363897 66.473003 159.014549 -55819.329828 23073.866113 -6.137 -6.137 2.554721 0.068510 1.048 n/a n/a
35 500.00 1298.00 100.000000 0.9714691712469005 0.477777 -1197356.993886 317.647961 79.579447 160.209293 -82506.874808 32433.384247 -6.042 -6.042 2.555072 0.068653 1.057 n/a n/a
34 500.00 1301.00 100.000000 0.9623362422385123 0.406688 -1195654.116651 325.387291 92.658457 161.424302 -109055.661939 41601.571120 -5.767 -5.767 2.553763 0.068510 1.048 n/a n/a
36 500.00 1295.00 100.000000 0.9714777366068162 0.478308 -1197837.833954 317.341625 79.470928 160.206104 -82323.012912 32441.835655 -6.074 -6.074 2.555741 0.068796 1.067 n/a n/a
35 500.00 1298.00 100.000000 0.9807690042828809 0.578084 -1198620.457143 310.060422 66.392436 159.011825 -55687.025953 23076.742463 -6.169 -6.169 2.555390 0.068653 1.057 n/a n/a
35 500.00 1298.00 100.000000 0.9623445855347528 0.407181 -1196138.593057 325.079228 92.522692 161.420626 -108821.445904 41615.356257 -5.799 -5.799 2.554433 0.068653 1.058 n/a n/a
37 500.00 1292.00 100.000000 0.9714863490282146 0.478841 -1198318.665812 317.034707 79.362346 160.202930 -82139.102523 32450.379418 -6.106 -6.106 2.556411 0.068940 1.076 n/a n/a
36 500.00 1295.00 100.000000 0.9807777012667681 0.578640 -1199097.710014 309.756371 66.311823 159.009111 -55554.676111 23079.661792 -6.201 -6.201 2.556059 0.068796 1.067 n/a n/a
36 500.00 1295.00 100.000000 0.9623529745625643 0.407676 -1196623.059752 324.770581 92.386850 161.416971 -108587.179698 41629.280324 -5.831 -5.831 2.555104 0.068796 1.067 n/a n/a
38 500.00 1289.00 100.000000 0.9714950088548979 0.479376 -1198799.489517 316.727206 79.253701 160.199772 -81955.143360 32459.016652 -6.138 -6.138 2.557081 0.069084 1.086 n/a n/a
37 500.00 1292.00 100.000000 0.9807864460506184 0.579199 -1199574.956120 309.451743 66.231163 159.006407 -55422.280053 23082.624660 -6.233 -6.233 2.556728 0.068940 1.076 n/a n/a
37 500.00 1292.00 100.000000 0.9623614096545758 0.408174 -1197107.516807 324.461350 92.250929 161.413338 -108352.863020 41643.344957 -5.863 -5.863 2.555775 0.068940 1.076 n/a n/a
39 500.00 1286.00 100.000000 0.9715037164330841 0.479913 -1199280.305126 316.419120 79.144993 160.196630 -81771.135143 32467.748492 -6.170 -6.170 2.557751 0.069229 1.095 n/a n/a
38 500.00 1289.00 100.000000 0.9807952389837981 0.579759 -1200052.195499 309.146534 66.150456 159.003712 -55289.837523 23085.631632 -6.265 -6.265 2.557397 0.069084 1.085 n/a n/a
38 500.00 1289.00 100.000000 0.9623698911464749 0.408673 -1197591.964296 324.151532 92.114929 161.409725 -108118.495569 41657.551817 -5.895 -5.895 2.556446 0.069084 1.086 n/a n/a
40 500.00 1283.00 100.000000 0.9715124721119416 0.480452 -1199761.112697 316.110444 79.036221 160.193504 -81587.077592 32476.576087 -6.203 -6.203 2.558421 0.069375 1.105 n/a n/a
39 500.00 1286.00 100.000000 0.9808040804184616 0.580321 -1200529.428191 308.840743 66.069703 159.001027 -55157.348269 23088.683284 -6.298 -6.298 2.558067 0.069229 1.095 n/a n/a
39 500.00 1286.00 100.000000 0.9623784193761847 0.409173 -1198076.402294 323.841124 91.978850 161.406135 -107884.077043 41671.902588 -5.927 -5.927 2.557117 0.069229 1.095 n/a n/a
41 500.00 1280.00 100.000000 0.9715212762434041 0.480993 -1200241.912291 315.801179 78.927385 160.190395 -81402.970425 32485.500605 -6.236 -6.236 2.559092 0.069522 1.114 n/a n/a
40 500.00 1283.00 100.000000 0.9808129707098662 0.580884 -1201006.654237 308.534367 65.988902 158.998353 -55024.812033 23091.780200 -6.330 -6.330 2.558737 0.069375 1.105 n/a n/a
40 500.00 1283.00 100.000000 0.9623869946845894 0.409676 -1198560.830878 323.530124 91.842691 161.402568 -107649.607136 41686.398981 -5.960 -5.960 2.557788 0.069375 1.105 n/a n/a
42 500.00 1277.00 100.000000 0.9715301291825982 0.481536 -1200722.703966 315.491320 78.818483 160.187303 -81218.813356 32494.523227 -6.268 -6.268 2.559763 0.069669 1.124 n/a n/a
41 500.00 1280.00 100.000000 0.9808219102158098 0.581450 -1201483.873677 308.227405 65.908053 158.995688 -54892.228560 23094.922972 -6.363 -6.363 2.559406 0.069522 1.114 n/a n/a
41 500.00 1280.00 100.000000 0.9623956174155461 0.410181 -1199045.250124 323.218530 91.706451 161.399023 -107415.085543 41701.042727 -5.993 -5.993 2.558460 0.069522 1.115 n/a n/a
43 500.00 1274.00 100.000000 0.9715390312870453 0.482080 -1201203.487785 315.180867 78.709517 160.184228 -81034.606102 32503.645157 -6.301 -6.301 2.560434 0.069817 1.134 n/a n/a
42 500.00 1277.00 100.000000 0.9808308992973754 0.582018 -1201961.086552 307.919853 65.827157 158.993034 -54759.597593 23098.112203 -6.395 -6.395 2.560077 0.069669 1.124 n/a n/a
42 500.00 1277.00 100.000000 0.9624042879151641 0.410687 -1199529.660111 322.906340 91.570130 161.395501 -107180.511956 41715.835586 -6.025 -6.025 2.559131 0.069669 1.124 n/a n/a
44 500.00 1271.00 100.000000 0.9715479829175016 0.482627 -1201684.263811 314.869816 78.600485 160.181171 -80850.348378 32512.867613 -6.334 -6.334 2.561105 0.069966 1.143 n/a n/a
43 500.00 1274.00 100.000000 0.9808399383183390 0.582587 -1202438.292906 307.611709 65.746212 158.990391 -54626.918876 23101.348503 -6.428 -6.428 2.560747 0.069817 1.133 n/a n/a
43 500.00 1274.00 100.000000 0.9624130065330092 0.411196 -1200014.060920 322.593550 91.433728 161.392003 -106945.886067 41730.779342 -6.058 -6.058 2.559803 0.069817 1.134 n/a n/a
45 500.00 1268.00 100.000000 0.9715569844376100 0.483176 -1202165.032106 314.558165 78.491387 160.178132 -80666.039895 32522.191831 -6.368 -6.368 2.561776 0.070115 1.153 n/a n/a
44 500.00 1271.00 100.000000 0.9808490276455906 0.583158 -1202915.492781 307.302972 65.665219 158.987759 -54494.192148 23104.632492 -6.461 -6.461 2.561418 0.069966 1.143 n/a n/a
44 500.00 1271.00 100.000000 0.9624217736209947 0.411706 -1200498.452631 322.280160 91.297242 161.388529 -106711.207566 41745.875806 -6.091 -6.091 2.560476 0.069966 1.144 n/a n/a
46 500.00 1265.00 100.000000 0.9715660362139059 0.483726 -1202645.792735 314.245911 78.382222 160.175111 -80481.680367 32531.619068 -6.401 -6.401 2.562447 0.070265 1.163 n/a n/a
45 500.00 1268.00 100.000000 0.9808581676488669 0.583731 -1203392.686220 306.993638 65.584177 158.985138 -54361.417151 23107.964801 -6.495 -6.495 2.562088 0.070115 1.153 n/a n/a
45 500.00 1268.00 100.000000 0.9624305895340749 0.412218 -1200982.835329 321.966166 91.160674 161.385080 -106476.476141 41761.126812 -6.125 -6.125 2.561148 0.070115 1.153 n/a n/a
47 500.00 1262.00 100.000000 0.9715751386156949 0.484279 -1203126.545765 313.933053 78.272990 160.172108 -80297.269506 32541.150597 -6.435 -6.435 2.563119 0.070416 1.173 n/a n/a
46 500.00 1265.00 100.000000 0.9808673587011083 0.584306 -1203869.873268 306.683706 65.503085 158.982529 -54228.593624 23111.346068 -6.528 -6.528 2.562759 0.070265 1.163 n/a n/a
46 500.00 1265.00 100.000000 0.9624394546299907 0.412733 -1201467.209097 321.651566 91.024023 161.381656 -106241.691479 41776.534226 -6.158 -6.158 2.561820 0.070265 1.163 n/a n/a
48 500.00 1259.00 100.000000 0.9715842920158123 0.484834 -1203607.291261 313.619588 78.163690 160.169125 -80112.807019 32550.787712 -6.468 -6.468 2.563791 0.070568 1.182 n/a n/a
47 500.00 1262.00 100.000000 0.9808766011781299 0.584884 -1204347.053971 306.373172 65.421944 158.979931 -54095.721308 23114.776944 -6.562 -6.562 2.563430 0.070416 1.172 n/a n/a
47 500.00 1262.00 100.000000 0.9624483692693804 0.413249 -1201951.574021 321.336358 90.887287 161.378257 -106006.853267 41792.099939 -6.192 -6.192 2.562493 0.070416 1.173 n/a n/a
49 500.00 1256.00 100.000000 0.9684990658196079 0.483728 -1204228.243687 313.213902 78.098574 160.002083 -80040.823179 32592.820117 -6.496 -6.496 2.563627 0.078127 1.199 n/a n/a
48 500.00 1259.00 100.000000 0.9800913117531809 0.584935 -1204860.363796 306.038456 65.352144 158.935257 -53991.758517 23126.545643 -6.594 -6.594 2.563890 0.073395 1.184 n/a n/a
48 500.00 1259.00 100.000000 0.9624573338158315 0.413767 -1202435.930189 321.020538 90.750466 161.374884 -105771.961188 41807.825868 -6.225 -6.225 2.563166 0.070568 1.183 n/a n/a
50 500.00 1259.00 100.000000 0.9715842920158130 0.484834 -1203607.291261 313.619588 78.163690 160.169125 -80112.807019 32550.787712 -6.468 -6.468 2.563791 0.070568 1.182 n/a n/a
49 500.00 1256.00 100.000000 0.9615369094482391 0.413867 -1202962.411857 320.676559 90.626856 161.322132 -105570.826221 41833.415015 -6.257 -6.257 2.563588 0.072409 1.195 n/a n/a
49 500.00 1262.00 100.000000 0.9808766011781295 0.584884 -1204347.053971 306.373172 65.421944 158.979931 -54095.721308 23114.776944 -6.562 -6.562 2.563430 0.070416 1.172 n/a n/a
50 500.00 1261.00 100.000000 0.9808796934969343 0.585076 -1204506.112803 306.269527 65.394886 158.979068 -54051.419649 23115.931707 -6.573 -6.573 2.563654 0.070467 1.176 n/a n/a
51 500.00 1258.00 100.000000 0.9707464577672211 0.484567 -1203805.739322 313.490021 78.139288 160.123541 -80081.935747 32562.796469 -6.478 -6.478 2.563789 0.072634 1.188 n/a n/a
50 500.00 1259.00 100.000000 0.9624573338158775 0.413767 -1202435.930189 321.020538 90.750466 161.374884 -105771.961188 41807.825868 -6.225 -6.225 2.563166 0.070568 1.183 n/a n/a
51 500.00 1260.00 100.000000 0.9808827915857909 0.585269 -1204665.170936 306.165815 65.367823 158.978205 -54007.112530 23117.092080 -6.584 -6.584 2.563878 0.070517 1.179 n/a n/a
51 500.00 1258.00 100.000000 0.9624603331516043 0.413940 -1202597.380314 320.915129 90.704840 161.373766 -105693.651804 41813.103784 -6.237 -6.237 2.563391 0.070618 1.186 n/a n/a
52 500.00 1259.00 100.000000 0.9715842920158130 0.484834 -1203607.291261 313.619588 78.163690 160.169125 -80112.807019 32550.787712 -6.468 -6.468 2.563791 0.070568 1.182 n/a n/a
52 500.00 1257.00 100.000000 0.9624633380869803 0.414114 -1202758.829480 320.809651 90.659204 161.372650 -105615.336388 41818.399791 -6.248 -6.248 2.563615 0.070669 1.189 n/a n/a
52 500.00 1259.00 100.000000 0.9800913117528645 0.584935 -1204860.363796 306.038456 65.352144 158.935257 -53991.758517 23126.545643 -6.594 -6.594 2.563890 0.073395 1.184 n/a n/a
53 500.00 1258.90 100.000000 0.9715845980116269 0.484852 -1203623.315982 313.609129 78.160046 160.169026 -80106.657377 32551.110783 -6.469 -6.469 2.563813 0.070573 1.183 n/a n/a
53 500.00 1256.00 100.000000 0.9615369094477809 0.413867 -1202962.411857 320.676559 90.626856 161.322132 -105570.826221 41833.415015 -6.257 -6.257 2.563588 0.072409 1.195 n/a n/a
53 500.00 1260.00 100.000000 0.9808827915857913 0.585269 -1204665.170936 306.165815 65.367823 158.978205 -54007.112530 23117.092080 -6.584 -6.584 2.563878 0.070517 1.179 n/a n/a
54 500.00 1258.80 100.000000 0.9715849040649340 0.484871 -1203639.340694 313.598669 78.156401 160.168926 -80100.507677 32551.433972 -6.471 -6.471 2.563836 0.070578 1.183 n/a n/a
54 500.00 1259.90 100.000000 0.9808831017125734 0.585289 -1204681.076711 306.155440 65.365116 158.978119 -54002.681517 23117.208427 -6.585 -6.585 2.563900 0.070522 1.179 n/a n/a
54 500.00 1257.00 100.000000 0.9624633380869817 0.414114 -1202758.829480 320.809651 90.659204 161.372650 -105615.336388 41818.399791 -6.248 -6.248 2.563615 0.070669 1.189 n/a n/a
55 500.00 1258.70 100.000000 0.9715367604293244 0.484863 -1203657.568419 313.586770 78.153451 160.166258 -80096.123562 32552.262705 -6.472 -6.472 2.563845 0.070699 1.183 n/a n/a
55 500.00 1259.80 100.000000 0.9808834118972123 0.585308 -1204696.982479 306.145065 65.362409 158.978033 -53998.250450 23117.324830 -6.586 -6.586 2.563923 0.070527 1.180 n/a n/a
55 500.00 1256.90 100.000000 0.9624636388890357 0.414131 -1202774.974344 320.799100 90.654640 161.372539 -105607.504514 41818.930390 -6.249 -6.249 2.563637 0.070674 1.190 n/a n/a
56 500.00 1258.80 100.000000 0.9715849040649078 0.484871 -1203639.340694 313.598669 78.156401 160.168926 -80100.507677 32551.433972 -6.471 -6.471 2.563836 0.070578 1.183 n/a n/a
56 500.00 1259.70 100.000000 0.9808837221397223 0.585327 -1204712.888240 306.134688 65.359703 158.977947 -53993.819328 23117.441290 -6.588 -6.588 2.563945 0.070532 1.180 n/a n/a
56 500.00 1256.80 100.000000 0.9624226469747457 0.414130 -1202792.993059 320.787323 90.650667 161.370233 -105601.175682 41819.892135 -6.250 -6.250 2.563649 0.070754 1.190 n/a n/a
57 500.00 1258.80 100.000000 0.9715849040649078 0.484871 -1203639.340694 313.598669 78.156401 160.168926 -80100.507677 32551.433972 -6.471 -6.471 2.563836 0.070578 1.183 n/a n/a
57 500.00 1259.60 100.000000 0.9807786239812866 0.585277 -1204733.591383 306.121182 65.358508 158.972277 -53993.231570 23118.657166 -6.588 -6.588 2.563939 0.070913 1.180 n/a n/a
57 500.00 1256.90 100.000000 0.9624636388889809 0.414131 -1202774.974344 320.799100 90.654640 161.372539 -105607.504514 41818.930390 -6.249 -6.249 2.563637 0.070674 1.190 n/a n/a
58 500.00 1259.70 100.000000 0.9808837221397213 0.585327 -1204712.888240 306.134688 65.359703 158.977947 -53993.819328 23117.441290 -6.588 -6.588 2.563945 0.070532 1.180 n/a n/a
59 500.00 1259.70 100.000000 0.9808837221397213 0.585327 -1204712.888240 306.134688 65.359703 158.977947 -53993.819328 23117.441290 -6.588 -6.588 2.563945 0.070532 1.180 n/a n/a
58 500.00 1256.90 100.000000 0.9624636388889809 0.414131 -1202774.974344 320.799100 90.654640 161.372539 -105607.504514 41818.930390 -6.249 -6.249 2.563637 0.070674 1.190 n/a n/a
58 500.00 1253.81 97.158671 0.9943084274283397 0.993305 -1174131.428334 281.555578 37.939839 151.894134 -383.738780 3678.787804 -6.515 -6.515 2.563448 2.177127 1.212 n/a n/a
60 500.00 1254.70 98.088552 0.9942142194024447 0.993190 -1185212.602203 284.349525 38.302520 153.306493 -390.424286 3713.075943 -6.632 -6.632 2.563530 2.175858 1.210 n/a n/a
59 500.00 1251.88 96.246544 0.9943397490402831 0.993343 -1163443.291401 278.698233 37.586008 150.541340 -379.270256 3647.527004 -6.294 -6.294 2.563271 2.177301 1.219 n/a n/a
59 500.00 1248.82 96.607339 0.9943083766391781 0.993333 -1168070.357004 279.476255 37.729409 150.886083 -380.426555 3655.376821 -6.560 -6.560 2.563045 2.186023 1.242 n/a n/a
61 500.00 1249.71 97.522689 0.9942716543979856 0.993291 -1178984.602897 282.224587 38.086059 152.275482 -384.991201 3688.462013 -6.677 -6.677 2.563115 2.186322 1.239 n/a n/a
60 500.00 1246.87 95.703418 0.9943341907205825 0.993364 -1157467.874720 276.644094 37.378483 149.546868 -376.193355 3624.505476 -6.339 -6.339 2.562888 2.186095 1.249 n/a n/a
60 500.00 1243.83 96.059142 0.9943887648189578 0.993455 -1162042.557463 277.413317 37.519589 149.888694 -374.895409 3631.509000 -6.605 -6.605 2.562645 2.195090 1.272 n/a n/a
62 500.00 1244.71 96.965701 0.9943525220580515 0.993414 -1172863.295022 280.131135 37.873017 151.262708 -379.361749 3664.217141 -6.722 -6.722 2.562704 2.195412 1.269 n/a n/a
61 500.00 1241.85 95.162834 0.9944149821949594 0.993487 -1151518.053440 274.604716 37.171285 148.562230 -370.717669 3600.948873 -6.385 -6.385 2.562509 2.195212 1.279 n/a n/a
61 500.00 1238.84 95.521788 0.9944678866309757 0.993575 -1156146.997155 275.386419 37.313941 148.911787 -369.511551 3608.152019 -6.651 -6.651 2.562249 2.204319 1.302 n/a n/a
63 500.00 1239.71 96.419747 0.9944321118835684 0.993535 -1166876.528578 278.074366 37.664221 150.270774 -373.882605 3640.492097 -6.768 -6.768 2.562295 2.204664 1.299 n/a n/a
62 500.00 1236.83 94.633003 0.9944944978313294 0.993607 -1145699.394061 272.601046 36.968224 147.597903 -365.388241 3577.898972 -6.431 -6.431 2.562134 2.204492 1.309 n/a n/a
62 500.00 1233.85 94.995008 0.9945457648161166 0.993693 -1150380.442556 273.394617 37.112359 147.954854 -364.270120 3585.293045 -6.697 -6.697 2.561855 2.213714 1.332 n/a n/a
64 500.00 1234.71 95.884550 0.9945104468068445 0.993654 -1161021.003018 276.053318 37.459561 149.299162 -368.548799 3617.273776 -6.814 -6.814 2.561889 2.214082 1.329 n/a n/a
63 500.00 1231.81 94.113657 0.9945727607786501 0.993725 -1140008.683406 270.632148 36.769195 146.653380 -360.200230 3555.343020 -6.477 -6.477 2.561761 2.213942 1.339 n/a n/a
63 500.00 1228.86 94.478542 0.9946224211539955 0.993810 -1144739.759914 271.436998 36.914741 147.017401 -359.166458 3562.919654 -6.744 -6.744 2.561465 2.223282 1.362 n/a n/a
65 500.00 1229.72 95.359846 0.9945875487853036 0.993770 -1155293.519884 274.067059 37.258936 148.347367 -363.355561 3594.549495 -6.860 -6.860 2.561486 2.223674 1.360 n/a n/a
64 500.00 1226.80 93.604537 0.9946497931089517 0.993842 -1134442.807812 268.697114 36.574096 145.728172 -355.148995 3533.268673 -6.524 -6.524 2.561393 2.223566 1.370 n/a n/a
64 500.00 1223.88 93.972135 0.9946978765055734 0.993924 -1139221.911062 269.512676 36.720988 146.098950 -354.196094 3541.019816 -6.791 -6.791 2.561078 2.233027 1.393 n/a n/a
66 500.00 1224.72 94.845376 0.9946634388382809 0.993885 -1149690.978517 272.114685 37.062242 147.414903 -358.298320 3572.306974 -6.907 -6.907 2.561087 2.233443 1.390 n/a n/a
65 500.00 1221.78 93.105391 0.9947256160787599 0.993956 -1128998.748806 266.795064 36.382828 144.821805 -350.230082 3511.663978 -6.572 -6.572 2.561028 2.233372 1.400 n/a n/a
65 500.00 1218.89 93.475543 0.9947721508505204 0.994036 -1133823.949438 267.620792 36.531005 145.199039 -349.354740 3519.581879 -6.838 -6.838 2.560695 2.242957 1.423 n/a n/a
67 500.00 1219.72 94.340889 0.9947381370887272 0.993998 -1144210.371964 270.195318 36.869383 146.501295 -353.372691 3550.534317 -6.955 -6.955 2.560691 2.243398 1.421 n/a n/a
66 500.00 1216.76 92.615976 0.9948002500075416 0.994069 -1123673.579273 264.925144 36.195297 143.933817 -345.439221 3490.517360 -6.620 -6.620 2.560667 2.243364 1.431 n/a n/a
66 500.00 1213.90 92.988529 0.9948452633265553 0.994146 -1128543.016308 265.760512 36.344698 144.317217 -344.638280 3498.594550 -6.886 -6.886 2.560315 2.253077 1.454 n/a n/a
68 500.00 1214.72 93.846142 0.9948116628009851 0.994110 -1138848.783105 268.308107 36.680264 145.606085 -348.574464 3529.220000 -7.003 -7.003 2.560298 2.253542 1.452 n/a n/a
67 500.00 1211.75 92.136056 0.9948737143766874 0.994180 -1118464.459620 263.086526 36.011410 143.063762 -340.772312 3469.817601 -6.668 -6.668 2.560309 2.253550 1.462 n/a n/a
67 500.00 1208.91 92.510860 0.9949172322610641 0.994255 -1123376.337163 263.931025 36.161977 143.453047 -340.042762 3478.046884 -6.934 -6.934 2.559939 2.263393 1.485 n/a n/a
69 500.00 1209.73 93.360900 0.9948840344121490 0.994219 -1133603.380952 266.452227 36.494792 144.728828 -343.899599 3508.352851 -7.051 -7.051 2.559909 2.263884 1.483 n/a n/a
68 500.00 1206.73 91.665401 0.9949460278657259 0.994289 -1113368.310423 261.278625 35.831077 139.539167 -336.225419 3449.553831 -6.717 -6.717 2.559956 2.263937 1.493 n/a n/a
68 500.00 1203.92 92.042312 0.9949880782650191 0.994362 -1118313.335346 262.136879 35.982755 139.916779 -335.564292 3457.928238 -6.983 -6.983 2.559567 2.273913 1.516 n/a n/a
70 500.00 1204.73 92.884933 0.9949552711856033 0.994327 -1128465.672749 264.630759 36.312878 141.159531 -339.344163 3487.922022 -7.100 -7.100 2.559524 2.274430 1.514 n/a n/a
69 500.00 1201.71 91.203789 0.9950172176127955 0.994396 -1108369.689393 259.509302 35.654212 138.700457 -331.794469 3429.715419 -6.766 -6.766 2.559606 2.274531 1.524 n/a n/a
69 500.00 1198.93 91.582667 0.9950578282794105 0.994467 -1113353.736697 260.375752 35.806945 139.083362 -331.198902 3438.228230 -7.032 -7.032 2.559198 2.284645 1.547 n/a n/a
71 500.00 1199.73 92.418019 0.9950254017317831 0.994432 -1123430.930029 262.844342 36.134435 140.313586 -334.904052 3467.916899 -7.149 -7.149 2.559142 2.285188 1.545 n/a n/a
70 500.00 1196.69 90.751003 0.9950873000913838 0.994502 -1103479.082527 257.768983 35.480731 137.878315 -327.475858 3410.292186 -6.816 -6.816 2.559261 2.285340 1.555 n/a n/a
70 500.00 1193.94 91.131716 0.9951264870223201 0.994571 -1108500.541200 258.643175 35.634468 138.266260 -326.943461 3418.937031 -7.082 -7.082 2.558833 2.295594 1.578 n/a n/a
72 500.00 1194.73 91.959943 0.9950944321371820 0.994536 -1118504.362825 261.086964 35.959380 139.484229 -330.576019 3448.327438 -7.199 -7.199 2.558763 2.296163 1.576 n/a n/a
71 500.00 1191.68 90.306835 0.9951562834865683 0.994605 -1098693.975316 256.056934 35.310550 137.072342 -323.266364 3391.274325 -6.866 -6.866 2.558919 2.296370 1.586 n/a n/a
71 500.00 1188.95 90.689251 0.9951940684265768 0.994672 -1103751.279823 256.938427 35.465241 137.465084 -322.794646 3400.044964 -7.132 -7.132 2.558471 2.306768 1.610 n/a n/a
73 500.00 1189.74 91.510494 0.9951623749613192 0.994639 -1113683.454104 259.357892 35.787631 138.671064 -326.356717 3429.143785 -7.249 -7.249 2.558388 2.307365 1.608 n/a n/a
72 500.00 1186.66 89.871079 0.9952241835351945 0.994708 -1094011.914786 254.372440 35.143592 136.282154 -319.162632 3372.652207 -6.917 -6.917 2.558582 2.307631 1.618 n/a n/a
72 500.00 1183.96 90.255072 0.9952605872274534 0.994773 -1099103.550443 255.260809 35.299188 136.679454 -318.749220 3381.542613 -7.183 -7.183 2.558114 2.318175 1.641 n/a n/a
74 500.00 1184.74 91.069469 0.9952292449888690 0.994740 -1108965.753541 257.656412 35.619108 137.873705 -322.242836 3410.356333 -7.300 -7.300 2.558017 2.318799 1.640 n/a n/a
73 500.00 1181.64 89.443537 0.9952910153144799 0.994808 -1089430.516359 252.714805 34.979779 135.507373 -315.161438 3354.416487 -6.968 -6.968 2.558248 2.319129 1.650 n/a n/a
73 500.00 1178.97 89.828985 0.9953260575332162 0.994871 -1094555.016881 253.609638 35.136232 135.909004 -314.804067 3363.420832 -7.234 -7.234 2.557760 2.329823 1.673 n/a n/a
75 500.00 1179.74 90.636669 0.9952950563547878 0.994839 -1104348.878192 255.981827 35.453733 137.091776 -318.231194 3391.955750 -7.351 -7.351 2.557650 2.330476 1.671 n/a n/a
74 500.00 1176.63 89.024016 0.9953567932639131 0.994907 -1084947.461171 251.083354 34.819036 134.747635 -311.259680 3336.558087 -7.020 -7.020 2.557919 2.330872 1.681 n/a n/a
74 500.00 1173.98 89.410800 0.9953904928327278 0.994968 -1090103.406341 251.984253 34.976300 135.153375 -310.956191 3345.670735 -7.285 -7.285 2.557411 2.341721 1.705 n/a n/a
76 500.00 1174.75 90.211900 0.9953598225705734 0.994936 -1099830.509855 254.333464 35.291433 136.324911 -314.318730 3373.932969 -7.402 -7.402 2.557286 2.342401 1.703 n/a n/a
75 500.00 1171.61 88.612328 0.9954215312154110 0.995004 -1080560.493514 249.477428 34.661288 134.002583 -307.454375 3319.068187 -7.072 -7.072 2.557594 2.342871 1.713 n/a n/a
75 500.00 1168.99 89.000331 0.9954539060280712 0.995063 -1085746.506947 250.384008 34.819321 134.412217 -307.202708 3328.283683 -7.337 -7.337 2.557065 2.353876 1.737 n/a n/a
77 500.00 1169.75 89.794973 0.9954235565421876 0.995032 -1095408.392562 252.710662 35.132134 135.572755 -310.502499 3356.279180 -7.454 -7.454 2.556927 2.354586 1.736 n/a n/a
76 500.00 1166.59 88.208288 0.9954852423946962 0.995100 -1076267.418390 247.896387 34.506467 133.271873 -303.742653 3301.938217 -7.124 -7.124 2.557273 2.355132 1.746 n/a n/a
76 500.00 1164.00 88.597399 0.9955163094461830 0.995157 -1081482.165411 248.808276 34.665224 133.685191 -303.540842 3311.251280 -7.390 -7.390 2.556723 2.366299 1.769 n/a n/a
78 500.00 1164.75 89.385704 0.9954862705942692 0.995127 -1091080.330170 251.112783 34.975764 134.834961 -306.779668 3338.985815 -7.507 -7.507 2.556571 2.367037 1.768 n/a n/a
77 500.00 1161.57 87.811720 0.9955479394955697 0.995194 -1072066.099164 246.339609 34.354501 132.555166 -300.121748 3285.159843 -7.177 -7.177 2.556957 2.367667 1.778 n/a n/a
77 500.00 1159.01 88.201830 0.9955777148626097 0.995250 -1077308.284784 247.256444 34.513941 132.971968 -299.967923 3294.565357 -7.443 -7.443 2.556385 2.378997 1.801 n/a n/a
79 500.00 1159.75 88.983916 0.9955479764872113 0.995219 -1086844.184071 249.539203 34.822254 134.111193 -303.147508 3322.044542 -7.560 -7.560 2.556218 2.379765 1.800 n/a n/a
78 500.00 1154.03 87.813451 0.9956381335197233 0.995340 -1073222.822322 245.727919 34.365407 132.272224 -296.481376 3278.217967 -7.496 -7.496 2.556051 2.391981 1.834 n/a n/a
78 500.00 1156.56 87.422449 0.9956096345999147 0.995286 -1067954.455377 244.806487 34.205324 131.852135 -296.589003 3268.724965 -7.231 -7.231 2.556644 2.380483 1.810 n/a n/a
80 500.00 1154.76 88.589433 0.9956086854353493 0.995311 -1082697.870995 247.989314 34.671538 133.401122 -299.603393 3305.447254 -7.613 -7.613 2.555870 2.392779 1.833 n/a n/a
79 500.00 1149.04 87.432096 0.9956975761383098 0.995430 -1069223.787438 244.222118 34.219558 131.585646 -293.078726 3262.201376 -7.550 -7.550 2.555721 2.405260 1.867 n/a n/a
79 500.00 1151.54 87.040305 0.9956703393050580 0.995377 -1063930.460539 243.296430 34.058871 131.162461 -293.141856 3252.625698 -7.285 -7.285 2.556336 2.393591 1.843 n/a n/a
81 500.00 1149.76 88.202086 0.9956684081199334 0.995401 -1078639.360916 246.462525 34.523549 132.704427 -296.144795 3289.186063 -7.667 -7.667 2.555526 2.406089 1.866 n/a n/a
80 500.00 1144.05 87.057604 0.9957560529367359 0.995518 -1065309.239743 242.738477 34.076330 130.911928 -289.757585 3246.508056 -7.605 -7.605 2.555394 2.418845 1.899 n/a n/a
80 500.00 1146.52 86.665124 0.9957300646825663 0.995467 -1059992.140152 241.808862 33.915078 130.485833 -289.777840 3236.854372 -7.339 -7.339 2.556032 2.407002 1.876 n/a n/a
82 500.00 1144.76 87.821709 0.9957271547133580 0.995489 -1074666.675037 244.958259 34.378224 132.020797 -292.769279 3273.253290 -7.721 -7.721 2.555185 2.419705 1.898 n/a n/a
81 500.00 1139.06 86.689814 0.9958135736433009 0.995604 -1061477.287170 241.276444 33.935663 130.250772 -286.515655 3231.130674 -7.660 -7.660 2.555072 2.432746 1.932 n/a n/a
81 500.00 1141.51 86.296745 0.9957888212882682 0.995555 -1056137.569743 240.343223 33.773882 129.821946 -286.494581 3221.403522 -7.395 -7.395 2.555733 2.420726 1.909 n/a n/a
83 500.00 1139.76 87.448140 0.9957849348810682 0.995576 -1070777.883880 243.475953 34.235500 131.349928 -289.474498 3257.641453 -7.776 -7.776 2.554848 2.433637 1.931 n/a n/a
82 500.00 1134.07 86.328574 0.9958701475001485 0.995689 -1057726.084180 239.835481 33.797496 129.601886 -283.350721 3216.062087 -7.715 -7.715 2.554754 2.446975 1.965 n/a n/a
82 500.00 1136.49 85.935011 0.9958466192006554 0.995642 -1052364.872986 238.898965 33.635223 129.170506 -283.289789 3206.265877 -7.450 -7.450 2.555437 2.434774 1.942 n/a n/a
84 500.00 1134.77 87.081222 0.9958417578038801 0.995661 -1066971.105435 242.015060 34.095316 130.691522 -286.258193 3242.343269 -7.832 -7.832 2.554515 2.447897 1.965 n/a n/a
83 500.00 1129.08 85.973731 0.9959257833059375 0.995773 -1054053.830030 238.415064 33.661773 128.964988 -280.260648 3201.295334 -7.771 -7.771 2.554439 2.461542 1.999 n/a n/a
83 500.00 1131.47 85.579768 0.9959034680195975 0.995727 -1048672.219918 237.475555 33.499042 128.531224 -280.161259 3191.434356 -7.506 -7.506 2.555146 2.449157 1.975 n/a n/a
85 500.00 1129.77 86.720799 0.9958976321837804 0.995746 -1063244.503404 240.575044 33.957614 130.045291 -283.118187 3227.351637 -7.888 -7.888 2.554186 2.462495 1.998 n/a n/a
84 500.00 1124.09 85.625138 0.9685681475769438 0.956377 -1051360.494284 236.370231 33.972734 127.477618 -1544.685766 3649.837885 -7.858 -7.858 2.552536 1.816042 2.047 n/a n/a
84 500.00 1126.45 85.230867 0.9784284924136001 0.970455 -1045632.246207 235.662420 33.647795 127.352978 -1082.479366 3470.170842 -7.580 -7.580 2.553841 1.849440 2.018 n/a n/a
86 500.00 1124.77 86.366723 0.9765186593434957 0.967692 -1060242.130822 238.693840 34.141118 128.795533 -1189.006776 3544.652607 -7.966 -7.966 2.552772 1.838589 2.042 n/a n/a
85 500.00 1119.10 82.937685 0.9627688907092519 0.948327 -1018758.699930 228.486015 33.018468 123.034916 -1752.033779 3626.973596 -7.953 -7.953 2.550110 1.809830 2.100 n/a n/a
85 500.00 1121.44 83.396208 0.9617308166636903 0.946876 -1024028.581450 229.837213 33.199592 123.891753 -1803.926493 3666.263988 -7.673 -7.673 2.551372 1.809570 2.071 n/a n/a
87 500.00 1119.78 84.342620 0.9624550622925648 0.947829 -1036194.439006 232.408151 33.580852 125.122112 -1798.206522 3693.605022 -8.064 -8.064 2.550386 1.807497 2.095 n/a n/a
86 500.00 1114.11 79.853733 0.9644873094556026 0.950895 -980982.953278 219.727470 31.792584 118.217550 -1611.908494 3461.824296 -8.049 -8.049 2.547613 1.816460 2.154 n/a n/a
86 500.00 1116.42 80.208609 0.9635383265834758 0.949573 -984976.099563 220.790286 31.931626 118.910345 -1655.861754 3494.380742 -7.766 -7.766 2.548829 1.816231 2.125 n/a n/a
88 500.00 1114.78 81.179891 0.9641884313691818 0.950421 -997425.006451 223.426602 32.322682 120.182860 -1653.653027 3524.060836 -8.161 -8.161 2.547926 1.814136 2.149 n/a n/a
87 500.00 1111.40 77.287981 0.9652263895516350 0.952090 -949273.485033 212.492488 30.772827 114.346866 -1524.820923 3338.276340 -7.859 -7.859 2.546220 1.822904 2.180 n/a n/a
87 500.00 1109.12 77.021828 0.9660952207762944 0.953296 -946370.863264 211.676499 30.669682 113.794839 -1487.491123 3311.443213 -8.145 -8.145 2.545052 1.823112 2.208 n/a n/a
89 500.00 1109.78 78.276628 0.9658097207283292 0.952845 -961913.755255 215.173576 31.170614 115.649781 -1525.379698 3369.751436 -8.259 -8.259 2.545400 1.820798 2.203 n/a n/a
88 500.00 1104.13 74.414342 0.9676036543408996 0.955547 -914573.804783 204.255521 29.638228 109.723722 -1376.544858 3174.043245 -8.242 -8.242 2.542434 1.829799 2.263 n/a n/a
88 500.00 1106.39 74.604316 0.9623046617873464 0.951534 -916670.938083 204.766403 29.704910 109.978035 -1414.046768 3187.188899 -8.068 -8.068 2.539943 1.953385 2.255 n/a n/a
90 500.00 1104.78 75.604250 0.9673302490926309 0.955117 -929299.940228 207.568814 30.112708 111.478346 -1411.055080 3228.822482 -8.358 -8.358 2.542815 1.827495 2.258 n/a n/a
89 500.00 1099.14 72.007518 0.9651447527814687 0.955230 -885398.754467 197.320250 28.682387 105.821025 -1278.928532 3039.410194 -8.448 -8.448 2.536570 1.954557 2.336 n/a n/a
91 500.00 1099.79 73.138207 0.9687596507008470 0.957250 -899273.853572 200.543338 29.138741 107.630257 -1308.753795 3099.706878 -8.456 -8.456 2.540177 1.834241 2.313 n/a n/a
89 500.00 1101.37 71.798016 0.9635464974970126 0.953713 -883965.428008 196.902787 28.634806 105.592697 -1302.839244 3038.817610 -8.298 -8.298 2.533223 1.974667 2.332 n/a n/a
90 500.00 1094.15 69.503622 0.9419816756048519 0.922105 -856759.334249 189.901707 28.070030 101.409114 -1995.997423 3211.694379 -8.670 -8.670 2.529453 1.844255 2.415 n/a n/a
92 500.00 1094.79 70.857280 0.9459339054375672 0.927419 -872122.107380 193.632928 28.524946 103.499595 -1910.560386 3230.654513 -8.666 -8.666 2.533637 1.850388 2.389 n/a n/a
90 500.00 1096.35 69.186666 0.9565560510854054 0.943123 -853951.011981 189.465174 27.774460 101.361827 -1506.298257 3016.723179 -8.524 -8.524 2.526496 1.902707 2.410 n/a n/a
91 500.00 1089.16 65.479863 0.9361607459024579 0.913792 -807722.327191 178.686554 26.600203 95.093235 -2066.186647 3095.221759 -8.894 -8.894 2.521887 1.822909 2.495 n/a n/a
93 500.00 1089.79 67.035027 0.9352941825133620 0.912640 -825776.653877 182.870454 27.195588 97.375981 -2135.384785 3177.497603 -8.891 -8.891 2.526109 1.825717 2.469 n/a n/a
91 500.00 1091.34 66.189634 0.9345748848320838 0.911430 -818760.344240 180.770292 26.944345 96.272737 -2152.702752 3149.603789 -8.744 -8.744 2.518914 1.814592 2.491 n/a n/a
92 500.00 1084.18 61.308427 0.9398165646960736 0.919003 -756279.430345 167.236139 24.937398 88.760184 -1827.943969 2858.928373 -9.126 -9.126 2.514173 1.826745 2.576 n/a n/a
94 500.00 1084.79 62.706219 0.9389905775352708 0.917925 -772413.449586 170.994696 25.470664 90.803914 -1886.745577 2931.795834 -9.123 -9.123 2.518398 1.830022 2.550 n/a n/a
92 500.00 1086.32 61.867904 0.9385045189879390 0.917021 -765272.372126 168.902641 25.214036 89.708676 -1895.807103 2901.292887 -8.971 -8.971 2.511192 1.818443 2.573 n/a n/a
93 500.00 1079.19 57.627448 0.9430917583456808 0.923638 -711062.360889 157.123473 23.476581 83.178318 -1630.245979 2654.783123 -9.362 -9.362 2.506378 1.829341 2.658 n/a n/a
95 500.00 1079.80 58.889321 0.9423023214756764 0.922624 -725552.994145 160.515229 23.956766 85.015997 -1680.752127 2719.762337 -9.362 -9.362 2.510578 1.833001 2.632 n/a n/a
93 500.00 1081.30 58.072065 0.9420076302888514 0.921975 -718477.265064 158.469307 23.701280 83.949054 -1683.972977 2687.981792 -9.203 -9.203 2.503402 1.821106 2.656 n/a n/a
94 500.00 1074.20 54.356765 0.9460405644126886 0.927782 -671024.382881 148.129683 22.183395 78.225404 -1464.471266 2476.870823 -9.604 -9.604 2.498559 1.830819 2.740 n/a n/a
96 500.00 1074.80 55.500337 0.9452860848463271 0.926826 -684096.512568 151.202642 22.617798 79.884168 -1508.239152 2535.152784 -9.605 -9.605 2.502710 1.834779 2.713 n/a n/a
94 500.00 1076.28 54.713108 0.9451465579539559 0.926387 -677212.106104 149.227431 22.367817 78.858397 -1507.353095 2503.009749 -9.440 -9.440 2.495598 1.822700 2.738 n/a n/a
95 500.00 1069.21 51.432518 0.9487042205557568 0.931498 -635336.360523 140.080420 21.030738 73.803828 -1324.209256 2320.634825 -9.849 -9.849 2.490762 1.831305 2.821 n/a n/a
97 500.00 1069.80 52.472511 0.9479844295253899 0.930596 -647175.785286 142.874611 21.425364 75.306373 -1362.419916 2373.173657 -9.853 -9.853 2.494846 1.835489 2.795 n/a n/a
95 500.00 1071.27 51.720706 0.9479690693083984 0.930328 -640563.052641 140.985128 21.183715 74.329406 -1358.682920 2341.290079 -9.681 -9.681 2.487827 1.823344 2.821 n/a n/a
96 500.00 1064.22 48.803081 0.9511148642653817 0.934839 -603331.927190 132.834784 19.996903 69.834533 -1204.602807 2182.501344 -10.098 -10.098 2.483024 1.830925 2.902 n/a n/a
98 500.00 1064.80 49.751958 0.9504299896943905 0.933988 -614094.298769 135.384024 20.356766 71.200075 -1238.172770 2230.076461 -10.104 -10.104 2.487025 1.835262 2.876 n/a n/a
96 500.00 1066.25 49.038449 0.9505126150606108 0.933859 -607801.141842 133.588519 20.125182 70.275856 -1232.497971 2198.865551 -9.925 -9.925 2.480123 1.823155 2.902 n/a n/a
97 500.00 1059.23 46.426188 0.9532984661546261 0.937846 -574468.864199 126.277500 19.064271 66.252721 -1101.905544 2059.621836 -10.350 -10.350 2.475371 1.829799 2.983 n/a n/a
99 500.00 1059.81 47.294606 0.9526486832982120 0.937045 -584285.970350 128.610639 19.393608 67.497675 -1131.561715 2102.880371 -10.358 -10.358 2.479279 1.834231 2.957 n/a n/a
97 500.00 1061.23 46.620502 0.9528075231891892 0.937027 -578337.362937 126.912627 19.173046 66.627596 -1124.612305 2072.606167 -10.172 -10.172 2.472514 1.822244 2.983 n/a n/a
98 500.00 1054.24 44.266884 0.9552769405858044 0.940555 -548301.415109 120.313304 18.218386 63.004766 -1013.178973 1949.693273 -10.603 -10.603 2.467823 1.828044 3.062 n/a n/a
100 500.00 1054.81 45.064016 0.9546620573891504 0.939802 -557285.711073 122.455119 18.520805 64.143238 -1039.509194 1989.179477 -10.614 -10.614 2.471630 1.832520 3.037 n/a n/a
98 500.00 1056.22 44.429221 0.9548792880802560 0.939872 -551690.632510 120.854867 18.311680 63.326960 -1031.764707 1959.999830 -10.422 -10.422 2.465018 1.820716 3.063 n/a n/a
99 500.00 1049.25 42.296022 0.9570696142412508 0.942998 -524460.067942 114.862833 17.447276 60.045945 -936.082037 1850.830532 -10.858 -10.858 2.460395 1.825766 3.141 n/a n/a
101 500.00 1049.81 43.029797 0.9564889365305304 0.942290 -532708.046724 116.834699 17.725871 61.090105 -959.569501 1887.006588 -10.872 -10.872 2.464093 1.830247 3.115 n/a n/a
99 500.00 1051.20 42.433416 0.9567501616808035 0.942429 -527464.528866 115.330307 17.528226 60.326156 -951.374523 1859.004630 -10.673 -10.673 2.457648 1.818670 3.143 n/a n/a
100 500.00 1044.26 40.489144 0.9586942177906914 0.945202 -502636.510619 109.859558 16.740957 57.338732 -868.722725 1761.474203 -11.115 -11.115 2.453093 1.823062 3.218 n/a n/a
102 500.00 1044.82 41.166433 0.9581465421212368 0.944537 -510231.294771 111.679971 16.998390 58.299107 -889.769647 1794.735312 -11.131 -11.131 2.456680 1.827518 3.193 n/a n/a
100 500.00 1046.18 40.607069 0.9584402337081950 0.944730 -505330.066861 110.268150 16.812020 57.585310 -881.370377 1767.942645 -10.926 -10.926 2.450413 1.816195 3.221 n/a n/a
101 500.00 1039.27 38.825631 0.9601675333592694 0.947193 -482572.226304 105.247451 16.091060 54.851508 -809.551928 1680.322809 -11.371 -11.371 2.445922 1.820024 3.295 n/a n/a
103 500.00 1039.82 39.452402 0.9596512240176663 0.946568 -489585.627955 106.932447 16.329629 55.737221 -828.496045 1711.008444 -11.390 -11.390 2.449394 1.824431 3.270 n/a n/a
101 500.00 1041.16 38.928356 0.9599681482670492 0.946801 -485012.709294 105.609066 16.154164 55.070985 -820.068124 1685.422236 -11.180 -11.180 2.443315 1.813375 3.298 n/a n/a
102 500.00 1034.28 37.288051 0.9615057948625653 0.948996 -464049.691188 100.979180 15.490536 52.557545 -757.286539 1606.282167 -11.628 -11.628 2.438883 1.816733 3.370 n/a n/a
104 500.00 1034.82 37.869489 0.9610189112904665 0.948409 -470543.899173 102.542686 15.712229 53.376511 -774.412803 1634.684718 -11.649 -11.649 2.442239 1.821074 3.346 n/a n/a
102 500.00 1036.15 37.378906 0.9613515642422100 0.948671 -466282.400595 101.303143 15.547199 52.755039 -766.082632 1610.280214 -11.434 -11.434 2.436356 1.810286 3.374 n/a n/a
103 500.00 1029.29 35.861634 0.9627249057988706 0.950634 -446885.461281 97.014681 14.933437 50.434205 -710.853164 1538.426992 -11.884 -11.884 2.431975 1.813261 3.444 n/a n/a
105 500.00 1029.82 36.402256 0.9622653548248886 0.950081 -452914.457889 98.468815 15.139979 51.193307 -726.402219 1564.798619 -11.907 -11.907 2.435214 1.817525 3.420 n/a n/a
103 500.00 1031.13 35.943210 0.9626074321610835 0.950365 -448945.791509 97.308279 14.984856 50.613714 -718.263231 1541.538151 -11.688 -11.688 2.429536 1.806998 3.449 n/a n/a
104 500.00 1024.30 34.533862 0.9638405137570824 0.952130 -430924.647983 93.320016 14.414738 48.462298 -669.346675 1475.971430 -12.139 -12.139 2.425198 1.809678 3.517 n/a n/a
106 500.00 1024.83 35.037607 0.9634062061792278 0.951610 -436535.421579 94.675349 14.607626 49.167533 -683.521213 1500.529657 -12.164 -12.164 2.428317 1.813857 3.494 n/a n/a
104 500.00 1026.11 34.608158 0.9637521334087151 0.951905 -432840.074707 93.588901 14.461849 48.626928 -675.646043 1478.368927 -11.942 -11.942 2.422850 1.803578 3.522 n/a n/a
105 500.00 1019.31 33.294127 0.9648679635629663 0.953507 -416036.424260 89.866436 13.930191 46.625550 -631.999661 1418.246216 -12.393 -12.393 2.418547 1.806041 3.589 n/a n/a
107 500.00 1019.83 33.764443 0.9644569573788142 0.953015 -421270.020164 91.132218 14.110731 47.282161 -644.969444 1441.178662 -12.420 -12.420 2.421548 1.810130 3.566 n/a n/a
105 500.00 1021.10 33.362659 0.9648015092409111 0.953315 -417828.018365 90.114930 13.973720 46.777680 -637.418565 1420.070830 -12.195 -12.195 2.416297 1.800083 3.595 n/a n/a
106 500.00 1014.32 32.133444 0.9658215979690291 0.954784 -402110.317611 86.629585 13.476211 44.913599 -598.168756 1364.786861 -12.645 -12.645 2.412021 1.802404 3.660 n/a n/a
108 500.00 1014.83 32.573364 0.9654323558083078 0.954320 -407002.750489 87.813955 13.645543 45.526221 -610.072754 1386.255346 -12.674 -12.674 2.414903 1.806401 3.637 n/a n/a
106 500.00 1016.08 32.197332 0.9657706470786512 0.954616 -403793.906249 86.860922 13.516710 45.055016 -602.895990 1366.150824 -12.447 -12.447 2.409873 1.796569 3.666 n/a n/a
107 500.00 1009.34 31.044198 0.9667146375815535 0.955980 -389052.804340 83.588822 13.049768 43.307831 -567.313360 1314.907546 -12.894 -12.894 2.405620 1.798809 3.730 n/a n/a
109 500.00 1009.83 31.456409 0.9663457597817060 0.955541 -393635.917581 84.698987 13.208902 43.880509 -578.269106 1335.051581 -12.925 -12.925 2.408382 1.802712 3.707 n/a n/a
107 500.00 1011.06 31.104244 0.9666726190749454 0.955827 -390640.087200 83.805341 13.087656 43.439848 -571.516276 1315.905183 -12.697 -12.697 2.403577 1.793079 3.736 n/a n/a
108 500.00 1004.35 30.019921 0.9675614570802682 0.957115 -376784.473712 80.726608 12.648286 41.801691 -538.947676 1268.288157 -13.141 -13.141 2.399342 1.795300 3.798 n/a n/a
110 500.00 1004.84 30.406813 0.9672118922408285 0.956700 -381086.523838 81.768988 12.798114 42.338044 -549.051525 1287.229297 -13.173 -13.173 2.401987 1.799109 3.776 n/a n/a
108 500.00 1006.04 30.076642 0.9675218876172010 0.956967 -378283.567906 80.929883 12.683860 41.925203 -542.772236 1268.996834 -12.944 -12.944 2.397406 1.789657 3.805 n/a n/a
109 500.00 999.36 29.055175 0.9683739962654657 0.958205 -365238.569465 78.028169 12.269611 40.386728 -512.680772 1224.578706 -13.386 -13.386 2.393190 1.791914 3.866 n/a n/a
111 500.00 999.84 29.418893 0.9680430822863134 0.957814 -369284.808354 79.008522 12.410929 40.889994 -522.010897 1242.422478 -13.418 -13.418 2.395718 1.795628 3.844 n/a n/a
109 500.00 1001.03 29.108846 0.9683311591464463 0.958055 -366654.582733 78.219112 12.303063 40.502282 -516.245525 1225.057429 -13.190 -13.190 2.391361 1.786343 3.873 n/a n/a
110 500.00 994.37 28.145349 0.9691624987587584 0.959265 -354358.395788 75.480939 11.911928 39.055726 -488.192104 1183.485111 -13.627 -13.627 2.387166 1.788681 3.932 n/a n/a
112 500.00 994.84 28.487835 0.9688498367747143 0.958896 -358171.566913 76.404479 12.045453 39.528826 -496.813080 1200.324279 -13.660 -13.660 2.389579 1.792302 3.911 n/a n/a
110 500.00 996.01 28.196055 0.9691113310005387 0.959105 -355694.152935 75.659955 11.943366 39.163602 -491.593777 1183.778346 -13.433 -13.433 2.385443 1.783171 3.940 n/a n/a
111 500.00 989.38 27.286506 0.9699353501398791 0.960305 -344095.444852 73.074162 11.573698 37.802480 -465.223175 1144.761221 -13.864 -13.864 2.381275 1.785630 3.997 n/a n/a
113 500.00 989.84 27.609529 0.9696407132235072 0.959958 -347696.156797 73.945636 11.700079 38.248062 -473.189342 1160.678246 -13.899 -13.899 2.383574 1.789158 3.976 n/a n/a
111 500.00 990.99 27.334185 0.9698716282134661 0.960130 -345352.044302 73.241260 11.603166 37.902754 -468.537299 1144.900291 -13.672 -13.672 2.379654 1.780167 4.006 n/a n/a
112 500.00 984.39 26.475251 0.9706989694765878 0.961334 -334407.784940 70.798528 11.253603 36.621597 -443.570050 1108.201784 -14.098 -14.098 2.375521 1.782783 4.061 n/a n/a
114 500.00 984.85 26.780434 0.9704222054051922 0.961010 -337814.799554 71.622285 11.373436 37.042076 -450.928424 1123.270863 -14.134 -14.134 2.377710 1.786221 4.040 n/a n/a
112 500.00 985.98 26.519734 0.9706194570104210 0.961140 -335585.115703 70.953438 11.281096 36.714201 -446.851861 1108.206330 -13.909 -13.909 2.373997 1.777358 4.070 n/a n/a
113 500.00 979.40 25.708618 0.9714578365563132 0.962358 -325258.680447 68.645869 10.950506 35.508332 -423.075472 1073.635744 -14.329 -14.329 2.369910 1.780164 4.124 n/a n/a
115 500.00 979.85 25.997454 0.9711987814903064 0.962056 -328489.130312 69.425904 11.064335 35.905915 -429.868066 1087.924411 -14.365 -14.365 2.371992 1.783514 4.103 n/a n/a
113 500.00 980.96 25.749668 0.9713603608771647 0.962142 -326355.890765 68.788144 10.975983 35.593111 -426.361467 1073.515412 -14.143 -14.143 2.368478 1.774764 4.133 n/a n/a
114 500.00 974.41 24.983973 0.9722146465419971 0.963381 -316615.444318 66.608902 10.663404 34.458448 -403.620715 1040.919918 -14.557 -14.557 2.364447 1.777790 4.186 n/a n/a
116 500.00 974.85 25.257837 0.9719730610676978 0.963102 -319684.996070 67.348892 10.771731 34.835154 -409.886220 1054.490235 -14.593 -14.593 2.366425 1.781057 4.165 n/a n/a
114 500.00 975.94 25.021320 0.9720980897124193 0.963142 -317631.347738 66.738014 10.686807 34.535206 -406.930957 1040.676275 -14.373 -14.373 2.363100 1.772406 4.196 n/a n/a
115 500.00 969.42 24.298933 0.9729705625277854 0.964405 -308448.517450 64.681024 10.391402 33.468103 -385.117537 1009.933229 -14.781 -14.781 2.359137 1.775679 4.246 n/a n/a
117 500.00 969.86 24.559093 0.9727460944304900 0.964147 -311371.497163 65.384350 10.494689 33.825780 -390.892399 1022.842597 -14.817 -14.817 2.361017 1.778867 4.226 n/a n/a
115 500.00 970.92 24.332305 0.9728347720643913 0.964142 -309381.923193 64.796439 10.412664 33.536644 -388.458551 1009.561799 -14.600 -14.600 2.357868 1.770300 4.257 n/a n/a
116 500.00 964.43 23.651310 0.9737255245468348 0.965429 -300730.759885 62.856150 10.133682 32.533767 -367.500678 980.571625 -15.002 -15.002 2.353986 1.773847 4.306 n/a n/a
118 500.00 964.86 23.898932 0.9735176965733611 0.965192 -303520.254456 63.525919 10.232355 32.874104 -372.819684 992.873324 -15.039 -15.039 2.355771 1.776961 4.286 n/a n/a
116 500.00 965.91 23.680455 0.9735711639635196 0.965143 -301580.720293 62.957390 10.152741 32.593922 -370.868650 980.063902 -14.824 -14.824 2.352788 1.768460 4.317 n/a n/a
117 500.00 960.89 23.063763 0.9743069392438881 0.966145 -294202.904776 61.215283 9.906289 31.703809 -354.105226 952.089112 -15.045 -15.045 2.347862 1.766902 4.376 n/a n/a
117 500.00 959.44 23.039061 0.9744256763216748 0.966397 -293437.152351 61.128417 9.889600 31.651445 -351.057739 952.886707 -15.220 -15.220 2.348979 1.773012 4.364 n/a n/a
119 500.00 959.86 23.275217 0.9740887742817026 0.966026 -296105.722096 61.766972 9.984362 31.974012 -356.895716 965.029949 -15.257 -15.257 2.350624 1.777933 4.346 n/a n/a
118 500.00 954.45 22.459895 0.9741908083443804 0.966393 -286543.342585 59.488672 9.659979 30.805824 -340.906074 928.976567 -15.435 -15.435 2.343806 1.785580 4.429 n/a n/a
120 500.00 954.86 22.684538 0.9739071887514374 0.966110 -289089.545609 60.096513 9.750136 31.112609 -345.512756 940.168665 -15.472 -15.472 2.345363 1.791310 4.411 n/a n/a
118 500.00 955.87 22.480354 0.9747258637338474 0.966816 -287226.530621 59.563850 9.673252 30.859114 -340.059490 926.379507 -15.263 -15.263 2.342985 1.769998 4.436 n/a n/a
119 500.00 949.46 21.894450 0.9748130140158454 0.967336 -279811.417607 57.895277 9.433684 29.987415 -324.955443 903.142233 -15.648 -15.648 2.338820 1.789598 4.492 n/a n/a
121 500.00 949.87 22.106868 0.9746480516801477 0.967150 -282224.305262 58.471586 9.519424 30.277930 -329.184218 913.850367 -15.685 -15.685 2.340296 1.792207 4.474 n/a n/a
119 500.00 950.86 21.926387 0.9745879398110409 0.966971 -280607.266160 57.992095 9.451981 30.050418 -328.562921 902.651997 -15.478 -15.478 2.338039 1.784813 4.500 n/a n/a
120 500.00 944.48 21.357233 0.9756023734138382 0.968399 -273413.686305 56.381181 9.218468 29.212265 -309.849769 878.723340 -15.858 -15.858 2.334021 1.788678 4.554 n/a n/a
122 500.00 944.87 21.560662 0.9754519351835170 0.968231 -275732.011694 56.933419 9.300881 29.490450 -313.732944 888.989682 -15.896 -15.896 2.335419 1.791238 4.536 n/a n/a
120 500.00 945.84 21.383410 0.9753680553662285 0.968023 -274115.839000 56.460571 9.234089 29.265224 -313.392068 878.016559 -15.691 -15.691 2.333274 1.783800 4.563 n/a n/a
121 500.00 939.49 20.850418 0.9763767747552561 0.969445 -267377.654259 54.950018 9.014955 28.482021 -295.549128 855.638573 -16.067 -16.067 2.329408 1.788157 4.615 n/a n/a
123 500.00 939.87 21.045649 0.9762398922474602 0.969294 -269610.033481 55.480267 9.094331 28.748991 -299.116603 865.501599 -16.104 -16.104 2.330733 1.790676 4.597 n/a n/a
121 500.00 940.82 20.870925 0.9761351628867930 0.969060 -267988.835387 55.012378 9.027953 28.525231 -299.013088 854.711751 -15.902 -15.902 2.328690 1.783176 4.625 n/a n/a
122 500.00 934.50 20.372127 0.9771350245476014 0.970471 -261680.798398 53.596641 8.822450 27.793768 -282.016136 833.811832 -16.274 -16.274 2.324979 1.788037 4.675 n/a n/a
124 500.00 934.87 20.559873 0.9770107531759737 0.970337 -263834.984868 54.106781 8.899052 28.050528 -285.295488 843.306600 -16.312 -16.312 2.326235 1.790522 4.657 n/a n/a
122 500.00 935.80 20.387086 0.9768879941035723 0.970081 -262203.987781 53.642442 8.832889 27.827556 -285.390108 832.663025 -16.111 -16.111 2.324285 1.782944 4.685 n/a n/a
123 500.00 929.51 19.920594 0.9778760420219109 0.971477 -256302.009494 52.316209 8.640299 27.144784 -269.215005 813.171465 -16.480 -16.480 2.320730 1.788316 4.734 n/a n/a
125 500.00 929.88 20.101499 0.9777634704515284 0.971357 -258384.982349 52.807936 8.714364 27.392238 -272.231588 822.329891 -16.518 -16.518 2.321922 1.790775 4.716 n/a n/a
123 500.00 930.79 19.930153 0.9776253434094525 0.971082 -256740.384790 52.345987 8.648252 27.169499 -272.489209 811.800326 -16.319 -16.319 2.320057 1.783104 4.745 n/a n/a
124 500.00 924.52 19.494157 0.9785988985270929 0.972460 -251221.501313 51.104174 8.467883 26.532525 -257.111026 793.649783 -16.684 -16.684 2.316660 1.788996 4.792 n/a n/a
126 500.00 924.88 19.668805 0.9784971547178796 0.972354 -253239.545643 51.579021 8.539625 26.771487 -259.888099 802.500905 -16.723 -16.723 2.317792 1.791436 4.774 n/a n/a
124 500.00 925.77 19.498487 0.9783461298667105 0.972064 -251578.379875 51.118511 8.473432 26.548534 -260.277659 792.057469 -16.526 -16.526 2.316004 1.783655 4.803 n/a n/a
125 500.00 919.53 19.091257 0.9793028332352817 0.973420 -246420.733112 49.956264 8.304621 25.954616 -245.670371 775.182743 -16.888 -16.888 2.312765 1.790077 4.848 n/a n/a
127 500.00 919.88 19.260175 0.9792110876416160 0.973326 -248379.512281 50.415614 8.374234 26.185818 -248.229231 783.752969 -16.927 -16.927 2.313839 1.792503 4.831 n/a n/a
125 500.00 920.75 19.090545 0.9790494299152286 0.973024 -246699.518091 49.955775 8.307853 25.962296 -248.723521 773.371748 -16.732 -16.732 2.312122 1.784600 4.861 n/a n/a
126 500.00 914.54 18.710430 0.9799872527027262 0.974355 -241882.339452 48.868469 8.149964 25.408840 -234.860051 757.709741 -17.092 -17.092 2.309039 1.791556 4.904 n/a n/a
128 500.00 914.88 18.874093 0.9799047192450994 0.974273 -243786.959884 49.313571 8.217623 25.632942 -237.220183 766.023090 -17.131 -17.131 2.310060 1.793977 4.887 n/a n/a
126 500.00 915.74 18.704874 0.9797344887671831 0.973960 -242086.472768 48.853792 8.150970 25.408574 -237.795523 755.683690 -16.937 -16.937 2.308409 1.785936 4.918 n/a n/a
127 500.00 909.55 18.350302 0.9806517199564206 0.975264 -237590.063841 47.837029 8.003397 24.893128 -224.647992 741.173461 -17.296 -17.296 2.305480 1.793435 4.959 n/a n/a
129 500.00 909.89 18.509140 0.9805776554381489 0.975193 -239445.132751 48.269012 8.069261 25.110725 -226.827213 749.251784 -17.335 -17.335 2.306450 1.795855 4.942 n/a n/a
127 500.00 910.72 18.340108 0.9804007172162299 0.974873 -237722.987127 47.808815 8.002269 24.885298 -227.463072 738.936899 -17.142 -17.142 2.304859 1.787665 4.973 n/a n/a
128 500.00 904.56 18.009584 0.9812959374042796 0.976147 -233528.694321 46.858421 7.864433 24.405549 -215.003143 725.519762 -17.499 -17.499 2.302083 1.795710 5.013 n/a n/a
130 500.00 904.89 18.163986 0.9812296399321667 0.976085 -235338.370964 47.278305 7.928645 24.617178 -217.017746 733.382945 -17.539 -17.539 2.303006 1.798137 4.996 n/a n/a
128 500.00 905.70 17.994962 0.9810476789503171 0.975761 -233593.817944 46.817323 7.861266 24.390534 -217.696352 723.077948 -17.347 -17.347 2.301470 1.789786 5.028 n/a n/a
129 500.00 899.57 17.687071 0.9819197265042581 0.977004 -229684.000193 45.929345 7.732616 23.944305 -205.895604 710.697574 -17.704 -17.704 2.298842 1.798381 5.067 n/a n/a
131 500.00 899.89 17.837390 0.9818605333582049 0.976951 -231452.041219 46.338054 7.795308 24.150451 -207.760496 718.363723 -17.744 -17.744 2.299720 1.800818 5.049 n/a n/a
129 500.00 900.68 17.668234 0.9814308973552298 0.976370 -229687.322729 45.873768 7.727616 23.921612 -209.174771 708.365098 -17.439 -17.439 2.298226 1.796728 5.082 n/a n/a
130 500.00 894.58 17.381634 0.9822512833384235 0.977553 -226045.609802 45.044200 7.607638 23.506781 -198.103081 697.021454 -17.770 -17.770 2.295742 1.806537 5.119 n/a n/a
132 500.00 894.90 17.528188 0.9823666417141544 0.977680 -227773.602817 45.444112 7.668860 23.708463 -199.356976 704.297071 -17.895 -17.895 2.296587 1.805722 5.101 n/a n/a
130 500.00 895.67 17.355281 0.9819475514901363 0.977140 -225922.190023 44.969328 7.599019 23.472973 -200.516699 694.015263 -17.505 -17.505 2.295122 1.803555 5.134 n/a n/a
131 500.00 889.59 17.088294 0.9827812130585472 0.978327 -222525.477920 44.194234 7.487024 23.087263 -189.958508 683.552985 -17.828 -17.828 2.292780 1.813304 5.170 n/a n/a
133 500.00 889.90 17.234276 0.9827338899802289 0.978286 -224268.434262 44.590533 7.548265 23.287872 -191.620958 691.005159 -17.950 -17.950 2.293591 1.815514 5.153 n/a n/a
131 500.00 890.65 17.057119 0.9825433142446425 0.977963 -222332.426644 44.106570 7.476374 23.046361 -192.199629 680.322644 -17.569 -17.569 2.292156 1.807241 5.187 n/a n/a
134 500.00 884.90 16.951777 0.9833127572718373 0.979079 -220885.125138 43.770876 7.432160 22.884828 -183.800105 678.065440 -18.005 -18.005 2.290731 1.819300 5.204 n/a n/a
132 500.00 884.60 16.809230 0.9833485914521756 0.979111 -219177.838797 43.384018 7.372203 22.688790 -182.248935 670.768209 -17.886 -17.886 2.289951 1.817506 5.221 n/a n/a
132 500.00 885.63 16.774515 0.9831178425097721 0.978757 -218931.833368 43.286208 7.359927 22.642242 -184.359235 667.352999 -17.633 -17.633 2.289324 1.811277 5.238 n/a n/a
135 500.00 879.90 16.683701 0.9838793898883310 0.979847 -217677.492848 42.990577 7.321831 22.502639 -176.440605 665.811647 -18.060 -18.060 2.288002 1.822672 5.254 n/a n/a
133 500.00 879.61 16.544508 0.9838948244075805 0.979865 -216004.126015 42.612834 7.263101 22.310986 -174.990915 658.657958 -17.943 -17.943 2.287253 1.821986 5.271 n/a n/a
133 500.00 880.62 16.506494 0.9836710615924380 0.979522 -215708.508758 42.505570 7.249299 22.259172 -176.971121 655.064991 -17.697 -17.697 2.286622 1.815653 5.289 n/a n/a
136 500.00 874.91 16.429142 0.9844327702352516 0.980588 -214634.378417 42.247136 7.216920 22.139957 -169.518733 654.204111 -18.115 -18.115 2.285401 1.825610 5.304 n/a n/a
134 500.00 874.63 16.293072 0.9844290172310867 0.980594 -212992.434896 41.877907 7.159330 21.952378 -168.159753 647.182035 -18.001 -18.001 2.284681 1.826066 5.321 n/a n/a
134 500.00 875.60 16.252144 0.9842029132412919 0.980258 -212651.291973 41.762144 7.144133 21.895799 -170.012432 643.419851 -17.760 -17.760 2.284048 1.820357 5.340 n/a n/a
135 500.00 869.64 16.054088 0.9849502495227859 0.981298 -210132.532596 41.176946 7.060564 21.611735 -161.734338 636.304418 -18.059 -18.059 2.282232 1.829720 5.371 n/a n/a
137 500.00 869.91 16.187245 0.9849720361061073 0.981303 -211745.285277 41.538201 7.117089 21.795517 -163.012500 643.205725 -18.170 -18.170 2.282923 1.828083 5.353 n/a n/a
135 500.00 870.58 16.010603 0.9847133287281734 0.980965 -209749.700156 41.053575 7.044094 21.550859 -163.461961 632.381287 -17.823 -17.823 2.281596 1.825375 5.390 n/a n/a
136 500.00 864.65 15.826773 0.9854576937617917 0.981975 -207414.766185 40.507789 6.966491 21.287896 -155.695383 625.991496 -18.117 -18.117 2.279900 1.832909 5.420 n/a n/a
138 500.00 864.91 15.957203 0.9854930858486983 0.981999 -209000.296654 40.861575 7.021982 21.468083 -156.767650 632.697023 -18.240 -18.240 2.280551 1.831335 5.402 n/a n/a
136 500.00 865.56 15.781063 0.9852021957031287 0.981643 -206993.866029 40.377643 6.948863 21.223163 -157.300286 621.915420 -17.886 -17.886 2.279263 1.830687 5.440 n/a n/a
139 500.00 859.91 15.738731 0.9859691890263015 0.982651 -206394.317255 40.216091 6.931472 21.157033 -150.924514 622.745669 -18.321 -18.321 2.278285 1.836378 5.451 n/a n/a
137 500.00 859.66 15.610382 0.9859505485727167 0.982626 -204830.002449 39.868395 6.876816 20.979768 -150.025665 616.212064 -18.175 -18.175 2.277683 1.835581 5.468 n/a n/a
137 500.00 860.55 15.562655 0.9856761091568490 0.982294 -204373.893167 39.732059 6.858120 20.911500 -151.508864 611.989700 -17.949 -17.949 2.277044 1.835734 5.489 n/a n/a
140 500.00 854.92 15.530931 0.9864120544811832 0.983265 -203917.046832 39.599443 6.845235 20.861170 -145.481917 613.332980 -18.407 -18.407 2.276129 1.842200 5.499 n/a n/a
138 500.00 854.67 15.404207 0.9864247334593218 0.983260 -202369.534047 39.256850 6.791210 20.686263 -144.539362 606.828949 -18.252 -18.252 2.275558 1.839394 5.517 n/a n/a
138 500.00 855.53 15.354636 0.9861362511117050 0.982918 -201880.879592 39.114814 6.771576 20.614801 -146.072382 602.574876 -18.013 -18.013 2.274937 1.840304 5.538 n/a n/a
141 500.00 849.92 15.332935 0.9868324670684950 0.983848 -201558.482100 39.009408 6.762937 20.579320 -140.379178 604.402795 -18.499 -18.499 2.274079 1.848226 5.547 n/a n/a
139 500.00 849.68 15.208121 0.9868489975984550 0.983844 -200030.027972 38.672369 6.709628 20.406981 -139.467487 597.970099 -18.339 -18.339 2.273534 1.845038 5.565 n/a n/a
142 500.00 844.92 15.144086 0.9872294883331852 0.984398 -199310.576489 38.444197 6.684318 20.310534 -135.607340 595.931467 -18.596 -18.596 2.272132 1.854400 5.595 n/a n/a
139 500.00 850.51 15.156332 0.9865815242643152 0.983515 -199506.513694 38.524058 6.688963 20.332076 -140.978694 593.644587 -18.076 -18.076 2.272938 1.844326 5.587 n/a n/a
140 500.00 844.69 15.021159 0.9872433982643518 0.984391 -197800.773722 38.112583 6.631715 20.140692 -134.751367 589.582212 -18.430 -18.430 2.271612 1.851149 5.613 n/a n/a
143 500.00 839.93 14.963746 0.9876014482304460 0.984913 -197165.502315 37.902084 6.609129 20.053891 -131.163713 587.899461 -18.699 -18.699 2.270283 1.860637 5.643 n/a n/a
140 500.00 845.50 14.967095 0.9870105385348874 0.984082 -197242.793835 37.958017 6.610025 20.062380 -136.219373 585.175351 -18.140 -18.140 2.271041 1.847709 5.635 n/a n/a
141 500.00 839.70 14.842590 0.9876130891715523 0.984904 -195673.133699 37.575591 6.557189 19.886389 -130.357600 581.626909 -18.528 -18.528 2.269786 1.857327 5.660 n/a n/a
144 500.00 834.93 14.791284 0.9879453790016681 0.985389 -195115.482590 37.381364 6.537123 19.808485 -127.055746 580.293237 -18.809 -18.809 2.268529 1.866806 5.690 n/a n/a
141 500.00 840.48 14.786294 0.9874211687995968 0.984618 -195081.921622 37.414976 6.534507 19.804792 -131.778154 577.138833 -18.206 -18.206 2.269243 1.850477 5.683 n/a n/a
142 500.00 834.71 14.671796 0.9879551447734062 0.985378 -193639.471643 37.059722 6.485807 19.643182 -126.293363 574.090836 -18.631 -18.631 2.268055 1.863442 5.708 n/a n/a
145 500.00 829.93 14.626059 0.9882558089156922 0.985819 -193152.524722 36.880308 6.468052 19.573388 -123.309401 573.109571 -18.926 -18.926 2.266867 1.872685 5.737 n/a n/a
143 500.00 829.72 14.508147 0.9882642045307053 0.985806 -191691.941446 36.563279 6.417327 19.410163 -122.583653 566.970566 -18.741 -18.741 2.266414 1.869282 5.755 n/a n/a
142 500.00 835.46 14.613342 0.9878067529552722 0.985136 -193016.464259 36.893351 6.462110 19.558393 -127.446735 569.383425 -18.297 -18.297 2.267520 1.855013 5.731 n/a n/a
146 500.00 824.93 14.467375 0.9757318493315903 0.968436 -191296.021775 36.371514 6.435294 19.323003 -211.916799 618.724643 -19.111 -19.111 2.265067 1.728465 5.774 n/a n/a
143 500.00 830.45 14.448209 0.9881271440571187 0.985581 -191044.203787 36.392605 6.392876 19.322938 -123.627634 562.149313 -18.395 -18.395 2.265888 1.860902 5.779 n/a n/a
144 500.00 824.73 14.350962 0.9777157764923687 0.971161 -189845.522749 36.063061 6.379671 19.165717 -196.307858 604.163921 -18.906 -18.906 2.264665 1.738218 5.794 n/a n/a
147 500.00 819.94 14.132100 0.9630554550295940 0.951262 -187099.027623 35.430955 6.322543 18.835666 -293.963464 655.065862 -19.348 -19.348 2.262904 1.694323 5.798 n/a n/a
144 500.00 825.43 14.289730 0.9879441871396055 0.985324 -189153.245532 35.909078 6.327569 19.096093 -123.484217 557.206862 -18.500 -18.500 2.264334 1.855141 5.826 n/a n/a
145 500.00 819.74 14.046976 0.9633127438827991 0.951603 -186060.385891 35.196731 6.284945 18.717260 -290.557216 648.599660 -19.126 -19.126 2.262523 1.694243 5.818 n/a n/a
148 500.00 814.94 13.623162 0.9658016805859365 0.955060 -180552.823705 34.101121 6.093581 18.145016 -264.857290 621.466920 -19.593 -19.593 2.260802 1.701292 5.821 n/a n/a
146 500.00 814.75 13.544789 0.9660337437118830 0.955365 -179598.531964 33.883974 6.059010 18.035502 -261.939639 615.499046 -19.352 -19.352 2.260443 1.701147 5.842 n/a n/a
145 500.00 820.41 14.133249 0.9629222306488637 0.951031 -187336.161081 35.382457 6.325674 18.825263 -295.564753 651.317728 -18.690 -18.690 2.262204 1.691718 5.852 n/a n/a
149 500.00 809.94 13.170454 0.9702713631666928 0.961135 -174738.365985 32.918468 5.885885 17.534283 -227.524655 584.728681 -19.828 -19.828 2.258905 1.711606 5.846 n/a n/a
147 500.00 809.76 13.097898 0.9692384394648510 0.959710 -173858.891461 32.713736 5.856579 17.429947 -232.765493 583.771945 -19.617 -19.617 2.258647 1.707522 5.864 n/a n/a
146 500.00 815.39 13.622358 0.9656967082212327 0.954869 -180754.235515 34.046782 6.095574 18.131271 -266.139462 617.478863 -18.885 -18.885 2.260137 1.698612 5.878 n/a n/a
147 500.00 810.38 13.168222 0.9678873015091056 0.957988 -174916.997336 32.854860 5.891711 17.513507 -241.870613 588.351164 -19.088 -19.088 2.258138 1.708391 5.902 n/a n/a
150 500.00 804.94 12.792115 0.9745747798365006 0.961135 -174738.365985 32.918468 5.885885 17.534283 -227.524655 584.728681 -19.956 -19.956 2.203745 1.421789 5.888 n/a n/a
148 500.00 805.36 12.758524 0.9699869964582715 0.960963 -169660.095201 31.776732 5.708137 16.956169 -220.666279 562.404489 -19.288 -19.288 2.256137 1.718445 5.927 n/a n/a
148 500.00 804.78 12.708184 0.9755443886804289 0.959710 -173858.891461 32.713736 5.856579 17.429947 -232.765493 583.771945 -19.745 -19.745 2.205701 1.317099 5.908 n/a n/a
149 500.00 800.34 12.388802 0.9784411668574139 0.972507 -164920.494480 30.812128 5.529986 16.465626 -164.538570 516.603568 -19.249 -19.249 2.253965 1.756748 5.969 n/a n/a
150 500.00 795.33 12.134916 0.9651879430010583 0.955139 -161839.096576 30.095179 5.446114 16.094735 -232.476218 549.572556 -19.574 -19.574 2.251621 1.729071 5.980 n/a n/a
151 500.00 790.31 11.723658 0.9749638412197215 0.967854 -156519.141003 29.043769 5.248722 15.550146 -172.632004 499.748528 -19.843 -19.843 2.250030 1.739590 6.000 n/a n/a
152 500.00 785.29 11.441334 0.9761600977574164 0.969577 -152903.541862 28.290950 5.123089 15.164527 -161.242826 483.636699 -20.118 -20.118 2.248450 1.750062 6.020 n/a n/a
153 500.00 780.27 11.179772 0.9772005361348405 0.971084 -149562.309248 27.591358 5.007063 14.807082 -151.487311 469.170856 -20.402 -20.402 2.246865 1.760486 6.041 n/a n/a
154 500.00 775.26 10.936085 0.9780223078572020 0.972292 -146458.335509 26.937413 4.899517 14.473684 -143.660423 456.462412 -20.698 -20.698 2.245229 1.770458 6.061 n/a n/a
155 500.00 770.24 10.706946 0.9720107304109147 0.963975 -143559.645636 26.311431 4.812455 14.153944 -172.363299 468.150686 -21.042 -21.042 2.243387 1.728566 6.072 n/a n/a
156 500.00 765.22 10.421106 0.9555978254559951 0.925868 -140007.884562 25.434403 4.813618 13.678241 -525.183189 694.700216 128.668 128.668 2.234437 1.296709 6.317 n/a n/a
